1922343357
1762685530
1787728323
2042692811
1543611973
2036351340
1686706683
2083515671
1546418322
1944454562
1984798961
1632034404
1886130502
1764653725
1358265107
1747537594
1685016191
1641524382
1891018024
1953732481
1828922367
1802432241
1812415107
2058874144
1649174837
1961121221
2300123775
1787709495
1854869497
1786915491
2290638261
1866863440
1912930291
1786338602
1729930035
1734056175
1741573353
1741011307
1865821393
1785162187
1806308994
1743268540
1565891332
1888618563
1649200551
1769798125
2039096985
2261859227
1721755791
1717851004
1670055594
1938007612
2000301943
2279236493
1668828437
2240100130
1871089417
1844297217
2533672834
2374707965
1344072940
1828855513
1933895942
1695409272
1764161965
1933635161
1846818273
2270437655
2373347754
2097035522
2281846025
1998895327
2465166845
2498383022
1822528455
1839556731
1802267857
2105219405
1833047707
1791312721
2119299237
1747192475
2490430277
1633932795
1840859631
2161231057
2196536083
1975752667
1323925117
2129401700
2092494811
2469636933
2459773530
2035158342
2482855123
1746517691
2087869017
2018101271
1912052995
1772945182
1790607161
1762668555
1573715760
2246441437
2271531155
1359789934
1863451175
1689573210
1885512367
2170556287
1758939521
2238421993
2282394154
2245788651
2127965917
2179514881
1882539220
2044490157
2095186171
2030435001
1674407497
1734030453
2488135937
1766516320
2435567641
1727750020
1750309264
1935181125
1862530410
1700131062
1699908074
1264485787
1965835202
2049369434
1924602997
2012733700
1611817310
2179596570
1833010892
1733981657
2010798602
1997855101
1659560734
2178047291
1689147222
2056022453
1769477224
1907916492
1898811673
1753029210
2412411724
1563194005
1663662573
1733517874
2012695561
2005690167
2099049615
1965632970
1862779257
1951048510
2029987951
1703143621
1863897544
1600007333
2033075554
2240155420
2037443597
2032279825
1973547807
1972313957
1395354145
2265750034
2062774195
2044390251
2486023721
1909238942
1869005924
1938537044
1603933373
2118240964
1998122917
1962433891
1559481427
1985861884
2132266303
2116591764
2176348577
2035974000
2098624787
1925680875
1744222117
1827358234
1747675181
1746976651
1892554924
1794425302
2349233815
1672412077
2154411657
2408809525
2439520771
2466235263
1930884214
1792438485
1792419723
1905751047
1906994631
2245371215
1904177751
1928178985
1564528391
1640270127
2012562993
2120420720
1773476990
1786203695
2343153421
2360135255
2343240475
2455304473
1741658180
2532729140
2376785910
2153346104
2170935031
1818990331
2337680141
2464255053
1779988347
1707090191
2417880237
2271080123
2028890343
1866007050
2082118761
1652662953
1808003200
2488583605
1780171077
2190502213
2334365645
1973777102
2270818733
1784300102
2153826375
2098175820
1980162394
2254043760
2245966404
2254825163
2343253175
2373497630
1876274195
2316203903
1826577812
2345087561
2214349690
2258577177
1862354395
2254674597
2357849707
1746813634
1768484867
2298431997
2214036550
1664985414
2032112307
2280213421
2120871437
1685061837
1877462183
1872213625
1760604722
1809958851
1776613063
1736334174
1650356973
2112647081
2127200077
1323846551
1665953940
1732457670
1849410522
2130674585
2245165445
1595254134
2012699093
1663277382
1722221792
2509477150
1919078095
1752664152
2291676327
1745594885
1391477950
1904987205
1899602892
1733304830
2271610184
1294026141
1824080722
1785767434
1307139807
2462613142
1261917975
2015298057
1814502414
1840827145
2230895035
1852333147
1576193572
1723690770
1722550832
1973952052
2287943022
1060705984
2200369100
2081783963
1678518585
1801695421
2084615863
1749964903
2129217642
1943530215
2052196310
1823318084
1784437561
1624763627
2005773794
1881921172
1274242035
2034006354
1658574922
2108806244
1656258833
1708368735
2282237252
1907018073
1747995121
2054442143
1821891405
1988857780
1675141187
2073877215
1847961712
1879631155
1748972282
1749907825
1920155081
1600311664
1765381494
1925508947
1829054257
1790242027
1714248313
2273903054
2298739683
1883649831
2304410732
1877633367
2032246925
1749735312
2120620197
1874779631
1611214153
1791542844
2154790344
1894798092
1944375982
1346563534
2011064055
1813467230
1921701023
1735053670
1746830500
1655363172
2368650961
1862412785
1962787713
1715091517
1903283290
1216821081
2091196300
1659590297
1992609200
2241906720
1924011125
2489952432
2182046677
2177114123
2101558580
2112459692
2288476480
2073953922
2263896707
2095999263
1881137440
1721758103
1924432461
2211275053
1980859097
1956534155
2322858050
2305608697
2145795995
2206113605
1790834063
2175593990
2050436942
2049427462
1930051157
1794589500
1737454083
2091916932
2327519744
2009657853
1999785101
1736762694
2162658877
1915784660
1172914022
1764054981
1490832227
1769126990
1732465681
1885567492
1848465314
1704586630
1958088771
1991230575
1983327567
1913191493
1821577377
1886610802
2298020041
2506792094
1963099827
1704287643
2254742343
1783492481
2164286127
1763326933
1745328921
1840167112
2319071441
1930160675
2538945582
2162665914
1713666685
2123649585
1937357537
1772205031
1927734825
1926590597
2039174121
1725664021
2160909437
1880171295
1681176012
1298920961
2465929931
1780827201
1570918177
2299446803
2231581580
1731923987
1971130740
1841365771
1880577484
1969869581
1891858172
2142759303
1785805097
2074846475
2536597732
1577137593
2066759304
2436413975
1994019740
2456345290
1745415860
1417884981
2107212342
1905063377
2173738053
1906768271
2037375191
2489963244
1739331027
2406629353
1409417003
1806244180
2299170552
1999033092
2233448327
2334205482
2236550925
1736544222
1996315950
1730108092
1944513460
1732043030
2099058732
1787492283
1944486780
1732704482
1936423350
1663745400
1756766795
1798732151
1955139701
1803721631
2257527691
2065914111
1749635850
2384355955
1748904633
1855700062
2033157010
1839169305
1802217997
1757030827
2143942575
1887715601
1685055852
1732268310
1893392453
1752753043
2085221961
2429671812
2120963263
1750925742
1751396287
2166415265
2420403432
1761824577
2513349022
1736697000
1921795893
1788626111
2230344915
2092000677
2418076285
1999580857
1945042085
1727900861
1905980984
2169906131
2403662087
2003538755
2203686450
1979685570
2295069272
2088879744
2083802505
1932110624
1833544660
1661523737
1649626895
1920320914
2028096787
1990201071
2249474471
2270815242
2170829035
1895471531
1761025030
1659354782
2536066284
1708037723
1529573474
1503319674
1803805651
2075651857
1761687143
2263203097
2549783300
1820090471
2408082693
2534492492
1917964644
2051950645
1069432112
2111936805
2017999901
1638765240
1726937811
1886518887
2057040242
2057324315
2050529061
1726513157
2085248835
1698306995
1236059411
1802068851
1766590284
1662269744
1740280513
1608003211
1772036900
1866776844
1741984420
1406553683
1894231930
1768882904
1895544551
1663970180
1728606934
1698930122
2153745513
2453705324
1822701433
2119068183
1764723463
1784300314
1681971781
1764625263
1776371057
2032619021
2160692395
1781604211
1892633807
1682481004
1737552285
1779183193
1621287162
2126726500
1847051364
1903836761
1742921075
2118609037
1749818882
1765215342
1786720463
1707570377
1775638757
1762594432
1627115074
1749297437
1746855621
1760985555
1571895797
1796984387
1845427974
1770646362
1749268803
2474609750
1807524393
1993519824
1782555847
1899580391
2475474210
1762149122
2242196557
1807706710
1690866543
1683911812
2111190285
1920161653
1591378417
1292378751
1915926342
1972199105
2158032457
2304217190
1661097291
1833852594
1749782685
1737644535
2093210593
1760489851
1650854785
2301223724
2051225380
1654028784
1846987812
1709623047
1931577560
1773766153
2202785177
1739385665
1554001490
1986301924
2175163163
1983515274
2050481040
1964503152
2171202825
1823549081
2183573224
2272083394
2403094671
2058877932
2255244624
1943011540
1681942503
1639483893
1926292144
2095746640
1574126835
1729683025
1784233551
1406285554
1595323323
1927438465
1762818394
1967856387
1610782682
1874586260
2521870590
1907291017
1983401511
1841309362
1670934053
1914175963
1900010357
2342800443
1918172667
2239467881
1750373323
1863045021
1935201921
2458019897
1832856093
1719154835
1732682344
1733069944
1939559245
1771742445
2182092845
1883881851
1682291305
2551663994
1990042131
1779519861
2099895022
1752312787
1769141895
1730320293
2047477160
1781918924
2153655904
2399809890
2091943671
2142720613
1714272344
1703611155
1944936904
1805653447
1769929035
1785901242
2101404572
2255056484
2129015911
1988948421
2490037114
2056682127
2399667752
2050026257
2237508911
1907937104
2118189165
1812512085
1921082687
1646029765
2115813272
2094699263
1733479210
1740283567
1742570801
1972611955
1747144921
1894477791
1765857684
2499482903
2035971835
1407546492
1962706743
2049870235
1948605020
1928081013
1956497141
1672334743
1583172133
1747232202
1916652775
2284217402
2421421093
1773824420
2260693691
1665127211
1747682342
1919205277
1806903597
1651908134
1738076181
1810728360
1664805947
1614796254
1617604825
1834812600
2121749663
2018119115
2023760740
1646291024
1806653241
1441726754
1875306551
2016813847
1745060764
1745309823
1992761760
1752880701
2283962815
2048528313
1683653021
1956987462
1859653994
1699456497
1428578730
1685293997
2242135062
2178235427
2261250391
2110756864
2106785564
1752045955
2032937381
1116864983
1749677435
1212465963
1698026705
2049530820
1769023863
1709593421
1790404501
1843856981
1833558071
1728661373
2280610772
1930097187
1654097402
2465991641
2052481797
2505357920
2508381260
1903513262
1793097541
1644385312
1689509251
1769946203
1497424611
1737963621
1913005534
2477662572
1587362207
2244637503
2191456602
1872824521
2291735481
2392994772
1918754533
2140643821
1807992224
2002593631
1729162250
1865917220
1836064540
1920669791
1830269745
2007712051
1851150072
1878220725
1791341121
1731799501
1269599605
2151065593
1713437511
1957211890
1140886821
2542032312
1676325360
1678065052
1916670221
1693370315
1735501411
1933683847
1916211594
1918992810
1870046265
1781537273
1228372870
1852803704
1701273230
1875936191
2122554781
1918910347
1739978915
2208060844
1809288927
2105983454
2138659301
2191409252
1934051704
1882826423
2279824483
1689226401
1650107735
1958235225
1660183443
1968380593
1774894905
1738702475
1897178441
2183395592
1293546332
2289225735
2081082677
1940210152
1624122020
2267063913
1325263761
1823758893
2108661792
1969244432
1716323124
1911180293
1987849317
1645816432
2430510867
1618931673
2282473140
1704131137
1222321235
2191405935
2205887434
2274431570
2242717060
2488221693
1991037741
2203639017
1712208980
2482019565
2137646875
1822057737
2493026994
1915964974
2208661455
2044004490
1505072974
1936021752
1828608037
1913624334
2062000195
1683753694
2044958295
1925298427
2014397477
2087665833
2056830431
1940897942
2360809330
2109218804
2384152921
2389965037
2257412661
1981955020
2128563701
2133795040
1886137714
1766922101
1929665032
1740677164
1220763097
1977169083
1935604405
1681873844
1064205421
1740281855
1721042351
1717724797
1717372805
1771279040
1762152001
1737949185
1649240191
1828560013
1850705682
1823197103
2375545650
1808656351
2449560947
2135812814
1946798710
1746878321
1795572035
1851849795
1725461794
1429864631
2060518123
1735191583
1705595712
2013377617
1756676361
2108782802
1857854404
2166851311
1785560271
2510591074
1927355635
2147399644
1873277013
1343781930
1350344575
2105004293
1771036443
2337547167
1620194545
1822464620
1579489291
2249598384
1998906917
2243301374
1864686081
2038244373
2216352364
2334287001
2300417341
2183008910
1968565013
2083276681
2058935324
1290207352
1415736732
2324405933
1768882464
2057646167
2159574905
1758862647
1868524980
1819733143
1891426402
1702771281
1899018961
1931975015
1757565827
2137169327
1417566410
1801276975
1497525133
1871894861
1734955602
1743120074
1820620934
1536457791
1738164471
1800334241
1744854043
1806619927
1584616651
2343257885
1843868855
1704534810
1777340610
1679767197
2090454041
1777186131
1235624032
2098392905
1774521554
2096435217
1749159601
1968194927
1918469417
1888587891
2191109940
1912271623
1966891781
2062252167
2410271741
2246762783
1961463515
2044026754
2246228950
2137897463
1614517634
2157068185
2082521335
1888601087
1940937482
1729906270
2074887645
2030512805
1943163232
1970428535
2099689552
1607463453
1648234012
1737603177
2005520123
2476727660
1228752894
1863469122
1757981893
2241871717
2394467142
1962148713
1760389920
1813758214
1668103617
2495405230
2337247942
1738044940
1798176285
2109036991
2367184434
1769768587
1747460204
1750550055
1880092287
2423057264
2288428482
1057791872
1802172363
1731757571
1762913181
1925674890
1739042262
2292650827
2304259347
1646245985
1736244850
2235131363
1803915077
2060214017
1764535943
1808765102
1770587244
1764201374
2015067187
2384088474
2367674544
1761731682
2393238730
2042457017
1968018355
2006983820
1919675101
2534341054
1752429533
2270486172
1417166593
1735618690
2160909543
1972812307
2034565060
2233795720
1766580883
2124103125
1848451507
2118977601
1793999061
1781486981
2104035047
1933042007
1740258793
1255704537
2077746614
2016672517
2047337033
2164317850
2507543944
1793375513
1899307840
1945692012
2061782937
2426784571
2214751032
1506349991
1730338112
2191174350
1879806187
1979357872
1765715711
1727597911
2096644730
1806465453
2245945470
1888256121
1959977581
1053817553
1900806991
2129122361
1644150350
2010816470
1775820712
1999563647
1390949402
1239283460
1681782947
1728698130
1729050944
1898362537
1660646684
1798768720
1630239090
1892511293
1720081342
2426835120
2043659954
1958910177
2196947020
1771314487
1776798945
1769418404
2017420653
2366998594
1574999584
1659626844
1832588937
1745538807
1730345205
1822979153
1648362363
1885371095
1899372327
1761427202
1671835117
2383386924
1776186103
1744050443
1359656494
1868995340
1676015620
1781558457
1927839815
2076518141
1786557702
2460766515
2021100103
1736174672
1739173901
2219147445
2095288083
1656599922
2142702813
1767238374
1796967672
1764299302
1585365287
1866768663
1829552990
1921137403
1918092713
1894756981
2519420460
1947071045
2396651934
1748044952
1274469185
2438533134
2117767132
2180250425
2105955090
1617244835
1790519221
2382205293
1929642227
2244582294
1777256264
1836179943
1949119012
2010183455
2050587864
1980399554
1653157443
1820437691
1734527327
1708076862
1756666001
2079043133
1785192353
1648186912
2361165760
1341529184
2063486125
1835288025
1878916982
1913886700
1751255495
1772412422
1733277123
2062393963
2377479357
2133771152
1735385997
1844716173
1957237340
2095247121
1763257012
2322123191
1751228263
1718738634
1305515400
1165631310
1890950291
1650479093
2111030947
1647171880
2014024365
1881067577
1743328120
1635211482
2078441815
2016688577
1774039984
1731029412
2291372443
1650493623
1923143913
1614346557
1719009857
1935513632
1833910841
1772206270
2061419757
2153663622
2389570691
2159557473
1911265671
2011565442
1564956194
1730177302
1250327520
1346709075
1767069292
1675611083
2263006191
1769927657
1799943197
1752281540
1550820052
1828453215
1880836814
1744462003
1683873480
1928869161
1621445301
1830569944
1602738004
1635898212
1800285150
1727978165
1765285705
2272012901
2106464943
1958321657
1648629790
1725165250
1819495451
2024075817
1783512611
2109035375
1956997830
1770742817
1801950494
1745444942
1750155712
1726515977
1863881755
1664327067
1744096223
2146582475
2218693184
1913201697
1721855640
1883869845
1976676651
1734675707
1686547023
2245175993
1950058002
2341717350
1726432853
1717082951
2000015000
1749567310
1911491111
1749578500
1833548673
2118101444
2011844080
1885196627
1752165522
1832745460
2365622392
2118839551
2171427417
2339051285
1905005581
2007424041
1846036853
1792770475
1891666683
2397046810
1707651402
1770995791
2162243812
1765864303
2167366783
2173198692
1774987347
1750223583
1709617825
1774958373
1967913587
1996548661
1921930364
2551443912
2132131265
1738874507
2451441455
2354993622
1929429315
1800991937
2035075943
2049271507
1714944793
1830256723
2456849761
1651547715
1915526614
1804980547
2442147865
2304581591
2486278331
2254465610
1843697861
1999791457
2197504017
2456353831
1907249731
1980749663
1939864504
2270976010
1758607843
1840149091
1964725581
1647374761
1892463935
1378417172
2294639443
2341757114
2068865103
1653208223
2050676173
2076276535
1888813237
1865073693
1834719633
2400531761
2270942320
2056402690
2086589172
1922361745
1861718610
1933705701
2129519507
1820650307
2297524627
1900859757
1841020307
2203020904
1998001631
1764521403
1823650004
2191524015
1916618681
2179972137
2173595023
1300298094
2088468793
1768945853
2073842383
1961323612
2132157077
2074341321
2127047095
2082491473
2097160795
2060872045
1730234154
1900868873
1231485993
1802151267
1822161445
1675665350
1732727881
1663964672
2013856042
2279322671
2395799334
1682282033
1971842583
1991435122
2507360730
1898143345
1828234630
1792477923
2487105197
1989603117
2496874322
1727067671
2337674181
1781571591
2095451335
2216157097
2269479077
2409060971
2005226322
2100736823
2288454784
2246782902
2206600170
2151591263
1855588903
1729909315
1731471491
1735916365
