2187009982
2358784322
1921176353
1590216127
1850626161
1923521382
1659650625
1747513383
1731930915
1319363493
1741473184
1759330857
2202915732
1663312090
2271952425
1804414614
1726966837
1745846711
1890131845
1660516801
1957092290
1747360663
1399175071
1663421441
1741471715
2079756617
1644625840
1792724263
1664981284
1866550411
1935043394
1877653117
2325004895
2014516027
1737877905
1862499544
1759328987
1650280952
1771073554
1713637053
1750673292
1770952934
1660604114
1746524140
1757190497
2096320650
1808798324
1750207863
2451036711
1664679101
1827597777
1904856844
1721030600
1867046787
1892623913
1723769251
1660359523
2146175910
1753272593
1726915750
2133218322
1604241641
1775695331
1711088242
1629709475
1648058957
1762675215
1674994802
1815228141
2174764604
1911006223
1684344900
1746287487
1393813563
1964224835
1741896470
1831031232
1957217564
1978827294
2085484035
1797484712
2130725301
1712888372
1734134772
1746135880
2272594383
2345021584
1897381515
1849001810
1761068804
1832363790
1648539595
1760514760
1565687960
1685350281
1795552102
1787741093
1969876287
3637250
1744536385
2297434273
1827358831
1642716973
1689275423
1665164291
1644654805
1813464024
1775706480
1495053421
1848058431
1716357191
1663743851
2053573101
1733061437
1656876685
2090641852
1852499245
1737320193
2176409811
1768417944
1699910411
1887560401
1699982681
1846942992
1829488454
1771716780
2243829300
1725745782
1867079450
1740158672
1676942550
1218912330
1992978425
1803391150
1819814511
1744320793
2443548445
2054762287
1949158370
2410929100
2427508152
1897953162
1877130740
1761032973
1730906483
1784367942
1745338817
2156995153
2120909251
1778981553
1743787304
2167478582
1676896592
1745213305
2099480780
1960416727
1626385507
1985650815
1874831491
2119829282
2270492180
1713694702
1760958784
2286516344
1897387775
1928094205
2015147223
1927141137
1697343992
1718550002
1731406632
1805410487
1770179882
1639483784
1874376167
1647240511
1746097453
1721125714
1721874555
1729991855
2050261587
1786681471
1934128943
1659851815
1972808294
1667514460
1936790364
1697167251
1970891844
1498587525
1913919595
2027183502
1778903223
1896429137
1797864045
1354139403
2098213413
2255877642
1684056804
1771635143
2128908517
1833145477
2018084610
1795109444
1709349877
1719161555
1803034984
1659151635
1647247597
1653206524
2119827887
1665531682
1746550985
1930847223
1791950811
1769702684
2205221022
1653399282
1698394341
1941497634
1786642897
1797444084
1378906711
2112537645
1765964683
1846430537
1654086624
2154749412
1752202027
1738108227
2178774190
1822267487
2354259762
1749059753
1887802145
1666052741
1745068231
1630631422
1577742247
1823446354
1908229381
1708877022
1938104112
2051372971
1667553532
1752399240
1791968031
1843855290
1765307563
1671746075
2055135301
248161520
2099517452
2044511247
1706983211
2383468524
2272515713
1232994271
1577486495
1667426410
1703392281
2085697267
1706460771
1880961305
1900603552
1324273001
1698264705
1908107587
1806432861
1586200240
1912052951
1239668234
1893163742
1767967530
1932674865
1746263217
2281978284
1662754583
1746651361
1892841491
1781618857
1735507737
1708242782
1780535662
1704694543
1770691990
1362904834
1894354050
2241406364
2267249127
1757545555
1960504510
1997649333
1924653897
1752112304
1997970524
1959079657
1898229275
1904774844
2010831553
1967966417
1960675690
2245478835
1750686365
1703611347
1809745371
2277551067
1219751090
1746221281
2028347920
1597823722
1719173061
1740914151
1775034251
1687875501
1922769570
1644054325
1666454854
1743827182
1805367362
1738268772
1703464741
1654801402
1750756727
1964745035
2100563620
1642647142
1750280600
1755374967
1932489337
2086513511
2013143763
1828843925
1660275457
2039630513
1880390921
1838358847
1763945961
1762800367
1802164517
1236844080
2000478631
1741017890
1970334132
1291969392
1752670753
1833508027
1935917630
1670934912
1698123951
1828044972
1822078941
2451658577
1940950430
1818796684
1832272892
1738149604
1498855505
1271261394
1643847487
1913740961
1790111670
1832689807
1663068861
1742998044
2208978793
2130611551
1698026444
1999782671
1734610234
1790157384
2030553541
1852646397
1752222887
1768664340
2116646260
1833066970
1762135007
1746270681
2012992264
2032550387
1579282292
1775645437
1989161850
1840818445
1724299371
1706909621
2118174272
1354744594
1697764137
1880275420
1975655241
2478109874
1611749933
2271312923
2151667952
1668679740
2217649055
1271910152
1574315942
1647415675
1740682257
2171392531
1893603037
2343416577
1575058414
1760523883
2285874432
1220755710
1735537281
2413609242
2135042183
1677995275
1874900092
1999056673
1891707285
1961026791
1730340907
1973638793
1624052951
2067197667
1974748732
2012854810
1705185861
1614561152
1900059857
2371646413
1823852731
2318734350
1809561332
2086636411
1874368507
2140410677
1342263071
2173200770
1862896924
1785576253
2098797005
2167562372
1580517327
1849210287
2076404295
2105866960
1918713755
1979729970
1866784422
1649248565
1936552245
1752382631
2050658192
2200672954
2155405452
1700535270
1706321570
1655258285
1867482530
1797762971
1667486960
1683601620
1780893303
1720726654
1791844223
2198217780
1878884427
1815947465
1653220774
1750307043
1972757885
2185300133
2072758675
1848936740
1648949261
2133707267
1833597617
1731969973
1808459394
1652735823
1792390461
1739552114
2207755034
1791928595
1768813033
1958213107
2034317622
2269843741
2131940187
1699487921
1752616721
1650115355
1791970911
1440671087
1735942944
1790164124
1994255613
1762430234
1747469653
1921678980
1794230980
2270481374
1790113350
1920052613
2019273050
2128410557
1661512273
2119854272
2205308483
2479828174
2428770197
1973950260
1838023200
1300554227
1914258551
1919783767
1923378074
1834318385
1926179021
2246490827
2015278903
1769999125
2292494105
1885279500
1900139530
1743466284
1973652347
1770996052
1790054924
2031821937
1791832303
2025227057
1655428521
1630375974
1790150504
1793655977
1878953945
1647921397
2375494584
1832753125
1768623184
1920606545
2282122511
1968346661
2340442354
1923694315
1791950753
2031928191
2283414883
2172030010
2189272775
1741476792
1601548710
2002822121
1667945543
1275761772
1662298730
1596982287
2099438601
1654554202
1737827483
1734567814
2013851982
1726836264
2055438961
2049954987
1642640241
1918747975
1734410137
1919730621
1919896803
1683920314
1752452261
1791966587
1692971704
1643831612
1790166664
1790169004
1791956105
1791969855
1689559661
1790104490
1689584995
1784639654
1790159664
1791937901
1764937032
1751845447
1728922790
1401388140
1613953781
1665340310
1665095793
1665714764
2208057250
1733237622
1918764233
1727213905
1905626215
1692436285
2133212485
1843801953
1916986680
1740279534
1726276573
1680484845
1901312751
1735855383
2256745247
1644066545
1785149912
2145964860
1786152174
1788458407
1970381991
2315869080
1404539005
1165818094
1838893544
1716383405
2105428157
2211947571
1733711232
2138212405
1751363722
2418870443
1668283601
1764530915
1579099842
2263270494
2030066117
1925448531
1882550232
2415993484
1750309490
1894700073
1919511633
1738377380
2006060644
1897008502
1750831111
2464684635
1642481482
1737867250
1918689931
1794946662
1796038087
1741045432
2242167204
1847105685
2015033267
2051497400
1803336820
1689210504
1942095181
2012422982
1712069837
2240737205
2078767341
1990436964
2406195023
1832904402
1746244095
1822158001
1703547374
2142464587
1765564022
2158630171
2088306293
1717577477
1743262335
1661738805
1917009937
1918705217
1820338441
1647850037
2177079312
1765950294
2054681957
1750452277
2048622194
1791609064
2165276332
1731978350
2072557937
1888735111
1852095187
1646429865
1224186515
1777532591
2360440373
1707486362
2482605952
1737628022
2060347881
1919826355
2053556444
1703973997
1779398203
2113816724
1759454535
1979853020
2124311693
2025449295
1844262925
1746193997
1823370643
1737526472
1827324034
1891840591
1867798181
2341724164
1798143541
2141190755
2439502685
1717807230
2294686935
2173732032
1374816812
1961065555
2473843412
1777450631
1919847401
1686973563
1771628002
1899312495
1591815151
1940282130
2135553913
1681942362
1874296003
1769993292
2047210530
1919829335
2320361907
1752550387
1601629402
1564327512
1859591060
2101780177
1865787320
2216821654
2459816433
2003926353
2026926260
2058338462
1647390792
2175245734
1222227024
1886657021
2355173060
1686731754
2098033732
1880838753
1835527895
2015725903
1784684444
1645254110
2096445695
2416673077
1878078395
1771452427
2296331724
2030791015
1924222285
1726979163
1969913571
1960072701
2536094222
1496973885
2415765234
2044286747
1851726627
2036699630
2169464231
2456961221
2062633263
1806734427
2301296620
2062741295
2144673037
1886336717
1966741340
2403642763
2519669024
2106750835
2358371635
1850088970
1805286132
1819780665
1782488745
2011924592
2263037420
2090795764
2462102282
2460457300
2492402344
2492375104
2405506533
2283428633
1646362793
1768815793
1962275425
1987870094
2262022040
2105158073
1838677355
2232508463
1749277102
2344097960
1757494853
1730238843
2021960035
2250570803
2178593782
1684871481
2230562650
2028545680
1747109160
1461684840
1646431802
1867121715
1658867781
1665546467
2101594930
1713433100
1721965902
1883832565
1918696385
1855521192
1828324080
1830713950
1792608255
1752909305
1713620452
1767718490
1668626005
1639541257
1746619512
1759390897
1920096841
1678194810
1707693324
1798770400
1729613081
2296690715
1649377122
1792088665
1772868363
1812448064
1722420580
1965794843
1687053504
1657367940
1549074862
2305979075
1653212351
1723977612
1942473263
1649442315
1746316033
1722647874
1698743510
2189716900
1797246431
2031558781
1670621601
2100014613
1886256227
1645186623
1863318815
2154002290
1764914680
1647910344
1611772373
1733829260
2181545431
1723888554
1957696484
1884502150
1975886475
2202514917
1664362031
2120931371
1723216305
1832750901
2167293232
1779906053
1985247450
1980940025
2465683471
1664541197
1716197112
1739840253
1682225004
1848957172
1714214862
2364470272
1642553272
1991021545
2154757464
2416760664
1458510924
1216312887
1914034603
2282589204
1830569510
1691328753
2330230180
1614536621
1912962585
2110442031
1930081091
1722404991
1846959524
1684789990
1759418673
1792023571
1769406764
1603158381
1516659207
2392247992
1593376055
1775229233
1965728442
1671422054
1341267693
1625283001
1785529887
2093615421
1688763752
2158741221
1740623531
1898155895
1832892351
1742978770
1666781873
1782381741
1739665194
1832767794
1823344214
2160514011
1729401074
1779063693
1905365830
1348898682
1765189187
2179077911
1809696945
1723141480
2090137634
1769389922
2358858244
1808038724
1805571403
1666471200
1816437092
1730230285
2051932537
1916692313
1752219264
1732849670
1735747402
2016004915
1729451425
2274549812
2269080284
2322025042
2131542193
1774800391
2202321147
2282269585
1644023631
1647681944
1426728963
1702774183
1817586244
1758952101
1772992524
1224938944
1992910280
1802292493
1833838525
1686329075
1737870511
2358400690
1760642294
1739007861
2365211405
1902651301
1819644947
1781697832
2345231893
2193863911
2129990773
1907556172
1923924325
1760592461
2047488520
1828971297
2005341790
1649307241
1761101803
1798750043
1916260160
2249872231
2032498000
1776823201
1779855111
1726470060
1681845502
2056055387
1733679214
1748926922
1740333783
1899769440
1941387540
2002197935
2294034843
1863531452
1962482273
1863300754
1923419211
1933117097
1743245524
2494469640
2027335320
1905085511
1911367955
1838674031
1899386965
1278337921
1836698340
1805629163
1898471901
1919693925
2081781995
2198288384
2168446891
1640641777
1054503921
2090057403
1339138900
1904866711
2437699290
1656400422
2533818490
2096368215
2042207323
2093904093
2081663551
1719248281
1765225023
1823779931
2053752135
2149955917
2156505013
1782417260
1768403712
1658032531
1895518545
1851375792
2193961283
1714070595
1681834902
1756742611
1893960630
2142612505
2217055292
1496836877
1820323151
2109963961
1957280902
1644636201
1611233754
1692506555
1900496994
1852478481
2075534277
2359151157
2001099947
1779709887
1866452495
1846039337
2490137174
2337791240
2194987374
1599463633
1822109747
1726975404
2093771911
2262418441
1735953820
2120078481
2194539053
1975466733
1858830484
2093750565
1768869660
1822218907
1780670207
1752222623
1678848123
1942758564
1853506162
2035203590
1906480347
1644959922
1916624215
1904302791
1821784565
1897097584
1919886041
1708188761
1905293630
1858950300
1658696330
1763923055
1840263193
1642662651
1764682572
1778816265
1728827365
1665288063
1744422932
1738221930
1708266340
1689984875
1647310954
2362627402
1746686490
1750230004
1730859227
1802363395
1790588405
1934096325
1722402652
1764448455
2466256012
1751039382
1919897211
1804536460
1781617907
1703397037
1862694922
1792143370
1763350812
1965769377
1742185470
1912226107
1696794634
1779673921
1715489375
2019904581
1644739790
1323941983
1740020497
1867412504
1798428651
1633360583
1803571303
1727168327
1679320424
1657187610
1774110887
1848639811
1893411665
1738292237
1713465921
1729995343
1743757504
2191320244
1793690935
2401106020
1663309857
1584238512
1799506221
1692019492
1753087471
1672296912
1900403871
2477638354
1799591590
2304697670
1894195274
1627346237
1595203481
1904149127
1692038921
2075379894
2551515404
1887833661
2051521990
1765373140
2192630467
2242272680
1730854050
2076085213
2155779971
1797198503
1971836225
1676384657
1680884607
1661512985
2105842371
1993305471
2192271850
2062260913
1973695924
1924267291
1689519924
1900174942
2121087545
1965929291
2101679052
1881040620
1803155175
1722706167
2113489754
2019840161
1751383302
1646426671
2210353320
2048064102
1651046593
1871523682
2104876164
1649185994
1708272353
2024088333
1776634693
1923051317
1801091621
1768742990
1411137271
2039228457
1735787721
2018365313
1912961387
2052461413
1891958133
1826832522
1729575845
1999548324
1794267840
1828544205
2013625451
1966603125
1709129255
2301537110
1962707027
2431474480
1829898503
2016132391
1643185365
1733622072
1709071694
1773516005
2231323790
1660444284
1789068872
2292986033
1797776975
1838648467
1729498395
1777843420
1895566615
1937946007
2104485357
1749895257
2068357903
2335581733
2094707644
2139948021
2030059435
1772984950
2107402840
2139253873
2088432213
2156769954
2027243572
2253611212
1929455237
2466895592
2116569430
2171685142
1501308535
1805375922
1216270302
1678007490
2166720314
2044294763
2145900562
1645087787
1658471397
2144025931
2144029771
1738220641
1935548750
1820000234
1791984401
1849458777
1398896830
1794915324
1807870645
1823852345
2460549582
1846641670
1198952784
2146102282
1654160767
2464251974
1735775937
2125418987
2263072845
2172381760
1502571137
1958362930
1283724901
2186911844
1752529935
1870236485
1692324120
1893872530
1397657967
1768368694
1844821925
1999144812
2149657894
1933746292
2169733705
1641773607
1663820704
1439070277
2120003312
2453798704
2217084165
2216313912
1864198423
2315346640
2255852750
1996082831
2120191133
2050739502
1948565224
1973432390
1741831035
2094071341
2231218774
1636022953
2013064324
2003817521
1676102304
1853654761
2118229142
1769252195
1680599203
1699419201
1708955380
2475216144
1988707015
1991168195
1764424065
2219170904
1647951825
1699910791
2058095584
2385266287
1802153785
1779935615
1922703192
2053192377
1830322735
2003866671
2133853202
1919798485
1661325893
1727154043
1823871832
1936779174
1667918954
2164549410
1674122465
2036034314
2096718387
1858886662
1788474967
1776577535
2244128362
2014254514
2305335283
1685512771
1861832394
1916422330
2296656072
1773551400
1749846983
1254195097
1905899785
1661169385
1749564907
1970253207
1874305853
1686727842
2156648262
1934337117
1799756482
1764570453
1742872830
1781181600
1673537434
2312904604
1595142730
1829429022
1900277444
1928810652
1651799567
1812959760
1654775177
1702478532
2270998083
1732919190
1738787685
2462500252
1717610707
1738475764
1890975524
1949876762
1830008025
1727320437
1698879080
1738056157
1622261102
1831945750
1845280744
1658645412
1906012233
1912136333
1705302635
2087655255
2106531824
2340996285
1893805457
1769875623
1790353862
2207825702
1870283217
2178473987
1692085804
1644862943
1587488383
1650306451
1739951772
1906020965
1857757530
1684936355
1870617893
1899999361
1933681181
2385328603
1985562407
1835526884
1867646657
1721205452
1796225825
1753077190
2120492014
1245782532
2165458851
2288435814
1801753767
1216010244
2255183612
2300637334
2117854227
2118533231
2117854817
2117854637
1911997747
2118532865
1658171125
1785762387
1737962022
2118532885
2171955172
1945255172
1635110401
1611764837
2346115613
1924636775
1847799673
1776494405
1846825944
2050142177
1748527547
1989162161
1782415507
1901317981
1915549174
1774336801
2056687450
1834815394
1717820023
1862614660
1736856142
1984501571
2137998431
2203958934
1791341855
1765968520
2479933580
1814373332
1875280483
1750717783
1834507281
1743809493
2154738374
1790882713
1752181481
1860113930
1660437413
1911406737
2035933222
1883861884
2129169250
2290050154
1774184033
1805125394
2480457562
1980753297
1901255651
1258470974
1213406882
1345667185
1823513581
1752526714
1821870243
1676070685
2397079730
2013709741
1860386384
2270966390
1732241822
2385275463
2118532995
1873571823
2323392052
2473940882
2197692684
2358984562
2031838193
1729929014
2118533011
2052533162
1802217320
2060589027
2174977894
2123442265
2091498230
1629122161
1943991572
2118533361
1730306175
2135548937
1719263830
2050271603
1733617765
2343347617
1747557495
2385306233
2300151440
1806268452
1732416344
2081142183
1748897210
1871829804
1617196370
2296564481
2034276190
2027698204
2392549982
2105146624
2171403392
1762205135
2418413342
2117854653
2013936150
2384661045
2433189712
1765835721
2089563433
1835973941
1617489192
1659887225
1769920265
2384650505
2374781964
1218410502
2384639205
1948626354
1849885860
2246274302
2282082032
2322085414
1712283380
1862627741
2117854697
1714115672
1578070664
2385308397
2385334803
1712911994
1698283173
1799820781
2241514634
1713519080
2384607945
1864434583
2129260757
2511570792
1841557962
2013941842
2106943654
2117854747
1777863244
2282624464
2133512850
2101292870
2132126945
2298455185
1906185341
2117854263
2153908020
2041811727
2264584974
2241696852
2288395412
2461884664
1986843781
2387112373
2384617081
2384634405
2005444814
2246359232
1690519895
1702780563
2379973290
2001601847
2385284213
2385321103
2385304237
2095187731
2023473050
2118532931
2137502017
2109236563
1733581900
2303713493
1823294462
1806060225
1657085602
2138407493
2253951784
1709530122
1661364304
1737956657
2117854427
1780805675
1859434612
2117854573
2117854187
1778726957
2118533175
2118532985
2118533331
1769913937
1672608805
1896134235
1852627967
2043066825
1865843560
1703087470
1776396511
1764532315
1775772520
1822114123
1777238424
1708905705
1600400762
1703409103
1649670037
1880411820
1764115677
1649463592
1775053252
1801017697
1721865591
1738744034
1304540412
2477833944
1814374391
1679377375
1819385297
1164667670
1645350750
1216641892
2354358444
1807728630
1705155627
2024578127
1718436033
1634531493
1764065001
1791807013
1819402575
1780090391
1613972793
1809011752
1728875812
1759013047
1725875020
2105551784
2330086204
1700719943
1898245137
1824316120
1817522744
1689215551
2394550672
1791876571
1880648624
1943567967
1765679683
1236103277
2013472167
1725909017
1211857337
1689489171
2167118384
1664542575
1726290932
2192647323
1741534187
1820339937
1878884722
1839167003
2053689391
1762766261
1972516174
1827678847
1798723427
1701303014
2092653387
1793398385
1222123957
1782430373
1453751573
1858952204
2359503904
1623851041
1737998092
1809515611
1663337394
2216697420
2331089811
2107073441
2520873344
1719049587
1744214344
2344256654
1796895225
1685844172
1887867717
1906130515
1681904954
1649676175
2415381301
1808025122
1678324685
1281008384
1779750613
1620618643
1720201822
2247949095
1579993125
1760487273
1951547454
1576183233
1903149062
1571781770
1666560985
1862888540
1658934185
1649132443
1918326650
1847863593
1689205782
1699929667
1941366754
1805629975
1889714017
1905097451
1760661757
2010808064
1900302712
1243809515
1681493975
1627746223
1768244301
1794543761
1071715470
1728791797
2299613022
1734022895
1689521100
1904397351
1787057111
1502747092
1686734301
1906578485
1707615984
1938361282
2072876495
1986495765
1669774305
1765886734
1793703371
1777810310
1767977661
1984791515
2268331244
2428729354
2272893160
2457608623
1341360034
1901646412
1717742983
2049375422
1565687157
2270114415
1597997907
2039172485
1972502553
1851825761
2281712274
1802580751
1688755642
1599470123
1776488751
1665088280
1944645214
2341736282
1748891560
2001935657
1774573832
1653145224
1741670732
2031999053
2358358727
1757558085
2081920095
1905624977
1847130961
1949807944
2216203980
1913572365
2394790914
1708731557
2389179663
1801462015
2011544330
1938868002
1854887681
1827225287
1801374792
2505599812
1744660495
2416469940
2093044444
2057212043
1803580805
2110248092
2245419832
1578308753
2309682131
1773527141
2171531121
1750341652
1749990402
1684772943
1748938922
1709335005
1769763080
1610600765
2413677382
1747555150
1225689830
2133140365
1916907825
2126980171
2099490460
2513681550
1561409914
1742517571
1731545791
2166388581
1793694935
1749049050
2272293402
2166004600
1765037005
1658470797
2308266261
2012960664
1367298130
1665593491
1927261761
2028513231
1715431841
1708736732
1882879944
1361882355
1829318345
1703565062
1662009912
1864507103
1923330017
2032359000
1836314501
1726254291
1912847905
1584741995
1832434720
1863801114
1649140987
1802582465
1782901020
1663009610
1664189844
1678855340
1792379235
1806602925
1650062344
2138314281
1957198862
2207629000
1807566823
1031091252
2418560620
1737191700
1643948272
1803901827
1921573741
1898310547
2310198280
1732635684
1879199307
1803193037
1919728957
1504626430
1812478807
1730790261
2093735621
1667589542
2283838937
2242372020
2336659762
2397113000
1458770640
2050033887
1934349647
2073574541
2326117515
2271850460
1970946975
2095579131
1875184865
2099534984
1562863153
1811519243
1705274781
2306052933
2178120255
2143127573
2152276152
1661659322
2156433663
2216966744
1601589830
1803895755
2169959843
2554168952
2012788430
1730235112
1990647182
2047780184
2144292817
1272782392
1653482655
2362539903
2452811597
1973537591
2523512424
2379671277
1972433430
2052496753
2359798460
1969194070
1787869710
1774312303
1774031050
2135554633
2019600737
2323311711
1867430414
2165790314
1744181777
1859550672
2458976015
1858837494
2442534571
1946361112
1783178343
2442133241
1666331690
1990278502
2092589840
1761220351
1852489132
2186377214
1785799180
2260323201
1743931330
1310207891
1681836924
2107010374
1738426394
2157497335
1700710662
1541469154
1904120801
1908552853
2496607830
2042637510
2052662955
2300514134
1800823891
1935528352
1878342215
2255998332
2112196164
2180920164
2282459160
2132852025
1979939914
1738746424
2107039372
1891366622
2376976834
2376848112
2289501330
2367731220
2428997432
2043397191
2188375407
2341063861
2155467210
2369430822
2340115445
2184961842
2344528660
2287880665
1792742973
1678821377
1738689163
2294989200
2313839114
2301403505
2163116580
2287288377
2288934824
2297426652
2025771341
2108756462
1139034231
2154017451
2093318202
1628951051
2034013312
1741110104
1959109834
1667577972
1752886817
1699256710
1949985423
1855274200
1836059232
1787481407
1750235790
1766410534
1820242600
1841777221
1716584117
1695013392
1748950984
1646059233
1763540731
1749560365
1686793743
1972770433
1704202922
1729404163
1401415334
1704191027
1805556960
1734661351
1726271212
2239549543
2509782610
1776723323
1750825845
1665311622
1990418773
2013658754
1653269461
2418208201
2035158524
1733193544
1752866352
1745308603
1641990157
1795839430
2095019655
1931585681
1971895901
1693362994
1747392933
1748932152
1895641181
2379675074
1796191481
1769685097
1717871843
2296364145
1686239164
1841302205
2153183170
1870483283
2184979950
1763854110
1696936355
1324269624
1798923265
1728823807
1976366501
1974033867
1747817850
1639809337
1656871223
1723249407
1841441477
1791174881
1677892343
1776027347
1750436957
1824557267
1813651110
1765559894
1827240197
2089188891
1652702197
1787317171
1892696965
2027189473
1738644313
1767803677
1820315865
1712320250
1793541361
1656994293
1988549495
1721967585
1381549770
1932275640
2052463573
2179038151
1775182305
1868217892
1903029303
1721060723
1681341815
1812610191
2164742980
1664013367
1635120195
2005342162
2074880805
1781590360
1734536090
2100215200
1887715377
1873401053
1762265381
1710134851
2261043007
2119824804
1714275463
1719139341
1663088660
1958119891
2040815205
1021347155
2015233967
1918183237
1644034740
1808850982
1975528701
1661738627
1990721444
1752687470
1763067987
1691485960
1883826641
1723179170
1612175642
1793290377
1681312434
1795977391
2230960265
1689520885
1774393653
2023317103
1642668915
1899778075
1744205384
1719965382
2490767860
1558743543
2120694057
1657051185
1662219765
1902060823
1832779143
1643165230
2267061967
1987914753
2156896350
1843565057
2219614253
2138788937
1803278047
1611870725
1748329201
1644242235
1827949934
1746551455
2338509657
1779179795
1723280340
1873561283
2253643054
1715899401
2498936534
1990034714
1971266091
2249407037
1992743625
1069025740
2097015581
2141438707
1235393134
1870487421
1683447610
2043276995
1572404722
1859563325
1903941191
1905442584
1606305075
1772232161
1729755773
1639832502
2078227597
1708771903
1817645380
1900505881
1770038852
1835315042
1693773375
1852623067
1508356094
1828079594
2317007661
1866542275
1832358031
1688756975
1753264111
1978574397
1655172663
1810564702
1780655541
1997333005
1988863835
2058161334
1241724035
1950489704
1801630854
2281252473
2097848525
1053819755
1689202137
2367783340
1786672071
1806194614
2098623461
1785105071
2482688214
1781975164
2027622930
1927724412
1665103245
1730182020
2104663287
1742825397
1437555374
1586704477
1855880553
1771247287
1767907355
2004099607
2173604600
2013416573
2279807704
2258749224
2295971793
2301942994
1286346732
1801648964
1670783495
1644059164
1785036513
1705693993
1442752452
1875257737
1693485555
1765577270
1705896164
1681840774
2100727642
1647496602
1899941845
1928456293
1911718832
1738538143
1942609914
2018733303
2171761102
2260931660
1772042090
1899329934
2218696197
2329443600
2052380587
2115235074
1815623661
1747090885
2170841594
1716591870
1660381714
2034457720
2097174972
1771665380
1998362443
2304303683
1298306070
2111409361
1662401934
1920048752
1611446504
2082722593
2187647304
1716865254
2146485030
2024387793
1910510553
1749904130
1939567982
1529150813
1599938563
1871661835
2172428612
1707478630
1665366257
1832746907
1996949560
1647369433
2130012087
2115205392
2086420255
1916500555
2257963631
1813824985
1574849474
2377424034
2052992073
1790177223
2173165222
1726878161
1747033147
2034422674
2098076170
2417393537
1692952204
1871768615
2041373765
2360015330
2246549810
1756719907
1774638197
2306022003
1768987551
1505354201
1765188547
2036290850
2184501825
2100703140
2250156405
2208077325
1288567071
1898843701
1850757890
1392964982
2121188951
2042015153
2254648163
1640877563
1662968883
2020105224
2047844944
1857511434
1708977191
1976836753
2114781412
1865788362
1056021043
2085524501
1774220752
1929334805
2057055173
1835964777
1863838100
2017658351
1835556055
1991335985
2053032325
1780541502
2131483953
2017157695
1960502912
2052858027
2055305451
2054655931
1840856995
1919238983
2053049113
2072650675
2043390691
2056667084
1815981945
2055414511
1647925082
2052843537
1684460243
1735113787
1775798493
1779540792
1763166120
1746268630
1733666557
1763426154
1688756680
1745265302
1625628283
1740972883
1739018421
1676412501
1665058773
1664003680
1644489994
1765793850
2257249947
1732050982
1735126500
2040799813
1744180662
1721075921
1878308945
1670646723
1803884261
2138684441
1761367722
1924885460
1737881897
1730744347
1774851437
1914159185
1904370953
1680551921
1879905001
1687422352
1772246694
1806885187
1787569845
2075087471
1665103091
1808361411
1782445853
2075031305
1646000801
2035011910
2145281125
1689575103
1722458333
2040078431
1667554942
1742125363
2237345714
1805570013
1739959962
1701618915
1899839085
1663642095
1775659563
1971900023
1816461852
1676827423
2000546345
1813251202
1827398271
2074164917
1618776221
1725867584
2091516094
1306541104
1735926342
1606579813
1832902661
2399521030
1801827622
2167611250
1671338711
2038048021
2057242085
1740925577
1198969717
1980878051
1712332461
1778836325
1917648293
2492207410
1610915385
1265839284
2268401172
1737692750
2077063131
1337931860
1743351232
1962718667
1801293747
2426958427
1749981390
1936573657
2295932923
2140811075
1636138657
1819895043
1879965963
2523520350
2061001265
1746523974
1670454272
1709487632
1836084020
1627617382
1268402973
1685720237
2097558247
1699407547
1750311413
1887754895
2376970277
1827474510
1744686975
1705791953
1870345845
2085220493
2214276500
1760960387
1146219943
1915501404
1872483772
1746419880
1852614353
1743757395
1762187742
1741306085
2183639527
1850697752
1711516812
2187211214
1656601441
1808835434
1822178255
1746197125
1686808541
1717093930
1743423875
1130161245
2232232461
1923984313
1677929982
1823517734
1661023837
1761897653
1697486122
1769084771
1753018360
1761140673
1742043177
1267506167
1918102044
2031058221
1688789543
1729866554
1902524510
1931835691
1749250541
1828592741
1809405541
1721036364
1594838687
1909972300
1773844575
1706248332
1827689741
1691996780
2027857275
1915187065
1824116127
1919111463
1644516375
1500548240
2006089952
1718565507
1788569267
1904036507
2175164192
1881377141
1684925685
1534939700
2096455023
2048596522
2318918905
2230396380
1717102025
1893638754
2041138891
2275364410
1574832700
1765012602
1875136895
1582083120
1947405522
1962089411
1688908297
2521097800
1803177987
1797837620
1710449573
1750043282
1886378434
2101835670
1233509801
1686983805
1884530603
1823744157
1723426297
1649005482
1808044195
1793546082
1654963113
1878925665
1733674080
1750637412
1859012244
1307897055
1264990544
2282173541
2100544392
1743966507
2193725701
2023026242
1349048084
1781900662
1713536243
2218894100
1703494224
1732926471
1832837454
1763276012
2003281817
1665033743
1787844107
1660131430
1766463733
1716164563
1760603795
2120213932
1970096592
2426972937
1834700805
2305893693
2275532747
2404824265
1889599230
1762192601
1988998352
2377510504
2303918920
1738437681
1747591584
1646487425
1716244511
1772972392
1749950725
2246245002
1625837483
1974557274
1840167745
1946119770
1911578944
1854753991
1574844174
1866049452
1764536032
1768349913
2107060252
1773139785
1403079862
2415435114
1681835487
1689580301
1996474681
1818492970
1795778985
1738079227
2099652693
2008216105
1866151654
1848243612
1861671957
1822635695
1925534701
2129970230
1832740650
1886119941
2339575021
1806527195
1918725373
1702826484
2425859403
2462214492
1999392525
1865682275
1791470603
2108131690
2311486757
2052820973
2163050493
2425156815
2340433170
2280294964
2425080861
2288963962
1794120430
2416339432
1658022293
2322178243
1820682463
1836003984
1720286154
1913946210
1750013812
2360705594
2363779894
1763936500
1866952292
1798855845
1664260487
2289408414
1820490254
1820732930
1662288952
2283428187
2116622734
1743430483
2153938550
1832870800
2246002917
1777903394
1667516751
1918810397
1858875081
2239567874
1864012221
2048299060
2138886547
2285614804
2362326254
2072387473
2029858177
1924005147
1827836901
2042228905
2133748110
1932444720
1747821321
1804535505
2255618932
1744371252
2111347105
2453600181
2110642763
1705300783
1967034552
2111349615
1585330354
2295708481
2428639893
1686253095
1928559823
2491404477
1713018404
1675061812
2380316640
2111037413
1227297700
1770504517
2455979280
2014863623
1881041895
1868399072
2137634813
2283782081
2454943891
2140643055
2425773533
2173653492
1918980875
1764528191
1746519607
1796765473
2230892775
2190074077
1765006183
1885439845
1749668505
1634020127
2211695977
1912872753
1672584835
1747123272
2011945400
1680564187
1878649627
2167380214
2035179292
1971754943
1870448421
1871668837
1300433140
2053090563
1847044865
1836297985
2083877193
2209921734
1742934054
2242425331
1718493303
1740712107
1773321132
1846880263
1854693453
2126973845
1973289271
1801470521
1769376320
1729321874
1782024425
2091607492
1686460633
2084078903
1858938932
1919764675
1866544563
1739889151
1774596550
1807377555
1750634600
1649611400
1752805061
1599122022
1682191853
1743750720
1713091193
1773436304
1529470570
1785833173
1774083035
1916582924
1270177622
1723881644
1718455577
1756972905
1653196740
1606329583
2146808472
1765669337
1757220135
1895280284
1728498294
1833709705
1671408182
1700145871
1993356640
1743374541
1765317092
1712253601
1815942732
1752752324
1785778290
1732040530
1716918321
1686230250
1644319120
1785801137
1739950431
1045828727
1979599022
2056894070
1669070010
1723959192
1645385313
1638809271
1945133444
1907753765
1740248463
1726390450
1748902197
1775214461
1739799853
1722407475
1817009840
1698265765
1962753467
1875122755
1907080547
1732032037
1770267883
1830162005
1912036245
1742206867
1747517834
2015752761
2093414144
1867465110
1688337755
1846006204
1709993763
1649036617
2362256641
1801464031
1699262783
1578030467
1886201304
2049995585
1786860821
1699976814
1731732863
1239689251
1777839510
1918732331
1769987771
2097162780
1796879505
2044549283
1790441385
1865166970
1677198922
1645915085
1780920327
1934188765
1815090127
2246799133
1657246073
1680852645
2357837641
1774067394
1925368197
1775689381
2473136527
2285660490
2097230084
1686331065
1305584355
2101194001
1768415210
2296691395
1730714982
1747554692
1742063537
2038024595
1587950641
1750111602
1764476510
1967011550
2317740274
2534280804
1744886905
2033279022
1765041534
1779893387
2192391493
1732789675
1727313082
2337757460
1853390342
1854697085
1781574201
1731464482
2231013661
1674415782
1765752684
1820395075
1855648322
1727248130
1865568653
1761021065
1788239123
1700055602
1975476223
1874001832
1774243357
1896269552
1359390463
2346637877
1813081942
1789735890
1680614024
1820625790
1841668143
1841704535
1740688457
1850738820
1888822255
1735407415
1957048564
1599240465
2480468504
1510035715
2067729895
2035339102
2290904011
1720108440
1789607184
1644840084
1785157537
1866554850
1782643177
1853548017
1600252101
1834815092
1813884147
2035094580
1934276587
2099144174
1774082270
1672622001
1744807350
1939099087
1779117013
1845938624
1690542943
2106774523
1787670802
2032168913
2185713654
1894434582
1768001684
2219516763
1723046505
2418409750
1883841513
2245615420
2405829255
1919765301
2213979687
1871577183
1730355870
1852688243
1738661280
1774258463
1857332414
1948147913
2099106434
1664313344
1824233925
1981191714
1741610340
1900022487
1824184383
1649151392
1740773210
1860067180
1778823935
1714308502
1750020925
1670087302
1689616630
1665367195
1597482121
1650975473
1771241591
2403340281
1791457161
1660811367
1652245603
1883897783
1613451640
2167714531
1716394184
1689919605
2258868764
2259200682
2258913312
1768541684
1739275444
2258897260
1797679051
1787345353
2258952424
1299919481
1620691667
2259077854
1182280465
2259303994
1716174347
1628978944
2259105222
1684346222
1657270155
1991341201
1966153424
1716184521
2258897602
1866101447
1735509843
2272524017
1665337047
1752131164
2259499082
1775945073
2075881273
1969850161
2467751515
2260409287
2091407202
1904137370
1765662225
1458223932
1976438935
2125973432
1739951591
1968678561
1817759763
2403938203
2005869515
2259085800
1502312302
1820605631
2261486954
2117068634
2011589647
2259108900
2373039790
2258890432
1737536334
2259079160
1930314864
2259211232
2258865764
1617416770
1886124742
2031658925
1782716275
2194856202
2232675727
2197681012
2171283705
2154775350
1918782603
2048124450
1750027570
2128199327
2392704751
1867059891
1800460243
1820400363
1955079160
1692471537
1955816520
1748960643
2260466717
1901345697
1976245630
2261401104
1820307905
2235647474
1796198475
2258891552
2259068812
1886538893
1759017321
1685157423
2165695860
2411013125
1862269284
2345311343
2262720055
2259158414
2260907110
1402697211
1801674273
2104845040
2146123390
1879847140
2273254024
1853770991
2090696064
2259157074
2258858152
2260304797
2258868230
2258970710
1704653784
2259106404
2424810142
1428891713
2156031674
2296657284
1852013414
1731116394
2258844260
2259104812
1885340113
2258852310
2109853373
1840888353
1765944765
2029594451
2258873450
2363013280
1726551832
2057883815
2260967854
1957019302
2258862690
2105136344
2490928240
2258993970
2236148295
1960376115
1721225171
1819393815
2133079501
2152183290
2460438632
2261459980
1959164124
2185736440
2259080864
1083106745
2261163761
2282353552
2239803812
1140648675
2376884274
1949050954
2258850802
1775158187
2259256340
2260604500
1882348452
1567868540
1691948095
2135553223
1937093304
2047810200
1943988573
1958928914
1834956224
1722752441
2261519744
1771323415
1663973175
1784503110
1780057863
1657240352
2258829411
1645365377
1956125642
1738440121
1973168475
1980800401
1773330030
1762214053
2086925575
1665319003
1993498217
1732459113
1710173801
1663536024
1697527601
1882100424
1763966434
1625548594
2071007937
1752647964
1793447052
1732947223
2208614647
1678273500
1612432582
1711532090
1866656453
1707277650
1681068122
2050249667
2050166467
1703967773
1770735827
1199105801
1763186072
1792634467
2205274502
2089251011
1913146941
1887835762
1750852843
2215152547
1847311957
1729475764
1771831091
1593881983
1649476987
1795420390
1962276541
1749991321
1799564102
1770607377
1695847604
1403351875
2002473221
1906097315
1667134013
1729401944
1740203250
1989579183
1661984023
1733663192
1265919712
1668719945
1672048887
2036359814
1079597451
1990308623
2129461914
1747161302
1594679961
2048275492
1990921671
1917568784
2309853792
2072061637
1890652764
1750821851
1785335371
1780592915
1713234890
1770627385
1662836514
2302411050
1761291135
1767012061
2120355010
1667863602
2030735485
1655030034
2309711753
1726980344
1987633057
2142002707
1712975431
1639853535
1806624611
2239395980
1750368743
2142064793
2129742420
2093824470
2243564232
1836264402
1729483881
1927991267
1718488072
1880749785
2183864970
1936540707
2131505573
1774161453
2307802371
2044551385
2390121057
1990209295
1989665637
2074835795
1601321124
1702555374
1738654810
1941894772
1743422550
1988157021
1730743570
1960558382
1895615982
1734717310
1875378125
1629678220
1644274254
1705121682
1765060363
1658802922
1707430700
1835541183
2101359450
2002646610
1688847173
1732213670
1730292042
1678441132
1688847974
1764926657
1951657750
2419003540
1829292425
2084731395
1311923901
1813387710
1671048584
1712804040
1658176201
1726109911
1608195712
1829712721
2338637042
1893759033
1768418244
1212232413
1741484600
2255637661
1656284825
1846951011
1880582462
1828937343
2098637584
2056191822
1900408801
1796795541
1248419723
1062636020
1735447333
1727359102
1792350212
1998930347
1813499245
1851532352
1717148892
1627161813
1776497373
2425422187
1678020341
1678756185
1908015042
1840597412
1847263517
1885141581
1779121795
1867571487
2316299663
1865856392
1784571423
2057096337
1878874912
1914523660
1969356464
2276952042
1765094813
1836963295
1714784112
1801913664
2329866054
1814127714
1656322931
2302241220
1913160401
1650795762
2085149741
1700858571
1790499011
1787972573
2475762500
2052132573
2176386937
2329738730
1649010904
1617242613
1721273822
1737560723
1842135767
1316282282
1918203341
2439291095
2315732972
1727432084
2303997340
2319036371
1918503971
1782457934
1745322303
1668256385
1564565543
1982366053
1293990923
1453969493
1702818754
1744212317
1833466347
1669227617
2140949145
1706866962
2439299031
2439950847
2439959527
2439243725
2439925203
2439912993
2439211755
2439202755
2439884333
2439874283
2439856217
2439847833
2439840723
2439142341
2439134641
2439812237
1993868202
2218943237
1757564431
2216351164
1990462633
1748159111
1870872791
1749937475
1824177273
1867484604
1937727172
1237857181
2100646744
1926039593
1636128285
1883411074
1847298003
1840605440
2441919331
1744196281
1999959537
1762291931
1879950447
15814523
2372614831
1914064893
1787382932
2075794183
1653188961
1806685911
1770423207
1734676075
1810911115
2049861713
1907537283
1841470727
2296376960
2272560772
1743282824
1814743767
2151798710
1960217263
1734615232
2135915180
2142291365
2345020762
1720380684
2011969990
1714141615
1700572357
1862642002
1823479687
1248424745
2280357253
1093232772
2455361541
2443907843
2442637603
2497395303
2445373867
1780667097
1895808563
1914410112
1659049114
2374653357
2138732825
2355114294
2511662194
2080592287
2510949312
2511446710
1971846724
2515044350
1892801343
2096872424
1784461670
1814311591
1829316783
1788085420
2214358932
2167305455
2127364541
1716856101
1830477734
1641586713
1290696881
1735951301
1768953514
1785789867
1981986915
2104990774
1805623693
2093424963
2061107175
1784336701
1928262675
1732904321
1848260114
1775829110
2001133397
2334146114
2139003055
2129977542
1803183385
1870415647
1871571701
1829765611
1771776727
1749290582
1677985451
1629488847
1594370743
1868332090
2136656531
2051397921
1737880850
2055365445
1783572873
1714251512
1938715452
1807649922
1829176532
1741606642
1881301247
1852943820
2027820511
2105258302
1716201742
2019902561
2478334902
1564600172
1688848677
1737694250
1716640804
1767486012
2142198897
1579407603
1757022731
1660521332
1793644134
1815791765
1718497391
1763224795
1744686773
1740325237
1658388965
2086512651
1654783185
2559858674
1501621255
1768037090
1808039084
1752043917
1798894075
2080118357
1763169434
1681326385
1895668724
2138491033
1703775371
1742989783
1770443883
1698676945
1933059727
1916267184
1283148795
1750754741
1610436341
2246038604
2454535541
1030266053
1880217187
1810480195
1549516125
2003789097
1785727387
1821401230
2175523815
1803821252
1791463243
1786095337
1708232030
1798939871
2302208220
1750295652
2268417112
1681056555
1803526210
1631088241
1883926873
1774791253
1852098324
1650426977
1819909944
1854773595
1874420962
1662084047
1761176345
2187033804
1735409717
1717663207
2154673724
1909792360
1768042914
1716643487
1743921384
1649030147
1916078894
1663630294
1341902602
1721267644
1797209780
2377466232
1846205623
1738733984
1670986297
1999319542
1864500434
1805486720
1663336115
1896658312
2284304035
1676751317
1661587922
2074762245
1873282804
1858719704
1896647970
1908099384
2230416520
2085706757
1766395484
2194477677
1658911594
2240213385
1774355711
1870518611
1775728572
1866040704
17033570
1688945591
1786955591
1808036022
1746691910
1744184704
1345196953
1719043782
2092090004
1817461682
1938721707
1644436302
1220739994
1746615843
1730797381
1897265222
1276007872
1804123992
1732397310
1774330774
1645989593
1764166927
1683591314
1775636975
1667824141
1769962140
1941454180
1782367043
1678281133
1756663917
1726458667
1792325672
2158897721
2047880334
1678760767
1895262100
1799844281
1360772681
1699604140
1273301444
1813325412
1772759317
1752006090
1916103950
1939927262
1748010445
1858343970
1692040443
1747086263
2205249254
2016982093
1798987857
1791376032
1665636674
2053356890
2309362937
1773066182
1933482913
1974014947
2137640837
1771318207
2177212182
1315589573
2330056874
2368078615
1984944455
1744257170
1959542984
2032273374
1960940597
2191428720
1719182941
2288104170
2246510954
1984479822
2054106547
1235531693
1981158044
1974250035
2103700270
2042583302
1759418035
1683492140
1673965152
1738101434
2171647373
1820701943
1785890823
1349572094
1685210280
1771322493
1923480745
1745516561
1916830883
1613398303
2057243681
1868247303
2435784010
1067180241
1904132837
1290735405
1938447924
2375621260
2573877054
1655720017
1746816275
1926156124
1902900982
1792421882
1712971481
1648568083
1828548373
2138323921
1299047443
2264704367
1916116482
1645425791
1682202781
1747177883
1914596763
2286699212
1767281812
2494806014
1915316147
2027688003
1699673872
1725809110
1763059954
1647250812
2248424032
1925261727
1859856274
1792363282
1853856527
1738585843
2061967643
1598005614
1768862732
1807732784
1785841251
1648664027
1740566471
1661264824
1798725310
1762383102
1726904075
1899836660
1727730863
1721951421
1846065087
1700097023
1763057024
2272416762
2160538550
2098840485
1655664780
2109128022
1656347015
1757120137
1760637645
1708963755
2110718770
1786655955
1749842582
1649655601
1658805150
1719226300
1714315562
1717068675
1739875875
1863041863
1883823873
2128055502
1621455285
1886084581
1653195985
1338939927
1720991982
1028994161
1797205653
2095507321
1880179274
2132183815
1865923744
1762177351
1982375662
2013274771
2046872031
1925944113
2509891954
1834585047
1981149595
1884024123
1997663967
1815906362
2048164092
2047897290
1803603805
1962308187
1711212551
2429352672
1744796397
1706979805
1863807750
2497884361
2357134535
1882971584
2286238072
2198355852
1731725660
1982367303
2377390914
1863488200
1792819387
2098516513
1220101534
2366289192
1750687632
2096575271
1927736924
2320476935
2205504853
1880143324
1715940994
2254022111
1785672107
1704059480
1735766697
2356074481
2054187413
1996285023
2462631352
1762286293
1730982837
1677574591
1973358782
277230452
1936166792
1792341993
2142516377
2357977655
1834125541
1733197522
1806472514
2266743674
1367067594
1606427707
2427838571
1756680483
2053111877
1689313665
2072801415
2132601884
2017157117
1797014292
1765980644
1704139533
2505319204
1969434363
2105282344
1659646253
1737094677
1879928431
2219135534
2135550437
2476173274
2255259102
1833102802
1775821181
1603316167
2252317542
2294196597
1924689193
1928793171
1749921865
1635311297
2325146785
2108474152
1928813113
1746040427
1774612303
1830690650
2093585631
2245667061
2273178520
1848267113
2316592072
1774857731
1917682534
1112355302
1775848161
1680196780
2296497950
1808962614
1865289735
2147426110
1750323875
1926130154
1687406983
1762335714
1681837404
2136222345
2190905504
2258474727
2167691095
1918504604
1752580224
1729186135
1881946550
2058742384
2105259080
1970951621
1246510704
1985727675
1052822714
2128979317
2246212952
1823736923
1730810875
1644673167
1775825257
1635764384
1750247053
2255216397
1768157742
1830579584
2110681691
2097022201
1823392255
2137642337
2109927773
1665901484
1738669200
2350511447
1885136304
1628273171
2256014875
2316159040
1635763861
2241590593
1965625582
1735964771
1762774407
1684484164
1925524593
2259427382
2282082271
2043741337
1772213414
2088942095
2249001152
1867211834
2149214051
1828255212
2137776617
2190377313
1962688181
1769686554
1834892620
1771017631
1980470782
2032008197
2128591530
1618670770
1875235951
2031927115
2044452230
2036527132
1717793367
1791224601
1762170283
1761876844
1711498500
2041693485
2051071151
2050902551
1668367140
1706921494
1861798520
1772924374
1891131420
1873886692
1747487995
1727133961
1764595083
1598696265
1763378462
1749239264
1743368141
1760227200
1803610791
1756671755
1756678923
1652496851
1670450531
1747165085
1737367667
1668191214
1667468821
1286659964
1763901381
1759349367
1802510251
2306908484
1839224480
1763950617
1497274707
1726776963
1686474312
1659865567
1651025672
1774281917
1679367261
1746250183
1803615247
1768875897
2463510821
1644881682
1898425872
1768198384
1774800467
1796981640
1714066870
1869750175
1666567137
2280877055
1781481502
1743917810
1647861287
1880231935
1974333232
1651558862
1863226771
2040545165
1735209835
1780168271
1679387303
1237394410
1899679250
1783004120
2088852555
1803807041
1558536062
1741589483
1776406171
2241687877
2033768961
2262377994
2283835272
1819796601
2149731521
1705243062
2004195403
1682454721
1776697367
1390426864
2011875125
1834669752
1740799047
1846945857
1866548761
1906028107
2372745584
1752698114
1652601742
1711611340
1646484697
1927459061
1785512814
2301469023
1744237591
1738649017
1717612711
1926183782
1880324330
1683520713
1728660253
1737522625
1663428581
1699414371
1958987014
1910099767
2096625053
1933676427
1832562162
1666109895
1649608047
1496863785
2290417792
1707020923
2115396802
1763871255
1727449905
1714244824
1968669063
1846306635
1722380401
2160453571
2126796033
2180962350
1999611575
1779995870
1982020567
1617785922
1863634717
1644273582
1681905597
1874550347
2081228227
1725769121
2133130365
2143033294
1644216882
1738788181
2033652627
2267048534
1836105343
1281064402
1827526852
1791446263
1807737584
1895402287
1791239825
1848049865
1741633373
1622004114
1823420480
1664288953
2343281573
2082425003
2355904821
1750035025
1791396407
1895234804
1940943720
1684037597
1840885967
2131963532
1941397824
2565089124
2163531830
1793704675
1730636845
1659553111
1775837103
2054321157
1740204551
2368600560
2091528624
2428035121
1970110774
2250621202
1801882447
2115309444
1957075020
2127364805
2122030401
2343780403
2358767865
2013977990
2156046142
1698698394
2281960757
1999796555
2171733570
2381746195
1832556460
1820399584
1678612422
2365729544
2402646464
1787336481
2299790314
1705298385
2205805742
1707641655
1814210562
1843752637
1747844162
1769890021
1813350490
1774908135
1717566390
2123409433
2032753531
2416152755
1766645363
1665699837
1934059454
2108066352
2041110095
2153934312
2174868730
1727356821
2215913162
1817489090
1988310545
2181230515
1877516865
1889811510
1865359562
1744431814
2357574475
2374534491
2407207211
1748241333
1733304522
1869363180
2340407302
1927866610
1602575002
2144799415
1798820624
1739984940
2034367184
1770839477
2321107083
2035394020
1863819630
2105678821
1732183271
1749740950
2099445224
2215925114
2045534782
2094844213
2087424741
1742686110
1863802314
1899161023
2050208393
1817371282
1970731405
1803764164
1846456085
1666311845
1821861137
1736299542
1163336060
1259188372
1692080994
1704582547
1738224357
1905858775
1774147683
1660239722
1740289503
1891754435
2241554204
1851879035
1820375394
2039454661
1648576644
1772963420
1687747534
1768905811
1785025723
1670780907
1589698103
2387904181
1747413277
1733711821
1706926301
1643830957
1920852635
1658658821
1784369260
1649230644
1974538530
1705250940
1709204772
1740376471
1972827697
1963250674
1845653780
2043416631
1738471395
1960296914
1652987982
1591985490
1764098995
2130622081
1828801153
1863380632
1890139740
1647397792
1924576705
1863239031
1194711060
1662092065
1732095707
2141462145
1779884443
1774465591
1780826507
1700551531
2261510392
1631396403
1964457847
2445837353
1773918241
1595145397
1649586363
1342831160
1870283203
1680996717
1692055890
1932460691
1791762275
1891845373
1655262755
1658031333
2051141902
1908482925
1644508997
1678298567
2039949255
1765095742
1805139254
1976297041
1684944575
1993517575
1653150175
1315832390
1707569540
1718334063
1700008304
1841027993
2002338011
1846326981
1823173321
2011031334
2075268105
1714339181
1801930517
1740431137
2076257741
2010954242
2231854652
2116688750
2280570062
2206729313
2082358727
1900412060
2519332282
1286528122
1765374690
1665351593
2140003397
1749002512
1857522234
2005131845
1874339970
1869429662
1801533703
1649023895
1708284705
1768925245
1897739110
1791659024
1645552835
1649374491
1946336770
1879656135
1644421487
1713881547
2219451972
1810665900
1680864152
1989134210
2033984142
2132162567
1497413830
2047827121
1698051411
1671187051
2110970530
1732501315
1646206333
1963375702
2201159580
2131766514
2428544807
2254271804
2455984537
1689248452
1948925604
1267164877
1778857227
1153136284
1710290972
2371037875
1797113221
1742960612
2176485682
2024217507
2355297074
1814998701
1687399850
2126204771
1747098161
1936663210
1882455173
1663913480
2107287745
2147378853
1659364043
1767745340
1821713463
2006297171
1804108140
1706767887
2129374654
2206118321
2505885840
2241580514
2174997117
1998974371
2340503034
2373133012
2183787142
1413140055
2035048674
1682312335
1984698253
1815112904
2345098552
1217072861
1960460563
1239769394
1743404902
1599969294
1970425042
1749622061
1819800355
1780614322
2241042851
1749596797
1916157835
2286294114
2473835922
1700744714
1229838397
1740614911
1649006505
1659011732
1707654930
1666579880
1801594084
2373070194
2326933690
1637142344
1654806490
1747871420
1868224394
2216188567
1777084494
1864419125
2030208063
1310376160
2359746161
2183891954
1496984792
2188179821
2315710752
1750377480
2253661092
1774528892
1798359173
1732130185
2129853567
1920565810
1726822342
1893711301
2371047841
1659768707
1682890164
1306543074
1912307437
1930078257
1747453255
1668091374
1690373570
2115177894
1771963502
1891858087
1883493052
2358364627
2282679960
1929904027
1927432262
1661321745
1821699673
2167714775
1786138762
2203149655
1740956034
1752050847
1685735302
2095460675
1688822090
2066084981
1807084835
1723569203
1786891035
1689186093
1743392642
1645048243
1708707037
1960416894
1912929155
1800659263
1881344594
1742315427
1747886873
1682311860
2268596264
1652531327
2482747350
1781526007
1833200494
1868776813
1570174163
2127350633
1602369200
1644088831
1721131891
2004188153
1732408023
1873370657
1255795640
1920773361
1629231052
1668891047
1808907340
2045476415
1957593462
2106159684
2035576812
1303509800
1729521832
1473473362
1718549060
1644043262
2002262597
1741514817
1984041637
1828746125
2173132684
1787971040
1852339337
2072201693
1391321442
1512329945
1814705122
2036230890
1791458983
2036176392
1743841222
1181281992
1971778067
1797823364
2155050381
1968298097
1737266813
1767997720
1706893782
1920848587
2359784382
1407008072
1665233631
1701004953
2202934072
1685452513
1733681470
1797674205
1827923952
1370953034
1085051807
1747498543
1676681905
1663586657
1743347041
1813242140
1771925961
1693484332
1948684274
1258555494
1708303277
1790570501
1879829837
1686192095
1944089372
1725710382
1816835197
1958332571
1676419254
1644878175
1752146792
1705827061
1711469735
1768188822
1808497252
2105096970
2097461034
1589706710
1193180817
1833222750
1899986387
1655498260
1769004403
2001848261
1845154337
1883799057
2109799587
1647860065
1782378463
2036332902
1784505075
2050949395
2044453655
1699016832
1192342862
2404615187
1697083884
2047922094
1813087872
1732986205
1647023893
1947596134
1726295054
1655166071
1707482914
1936307150
2044818235
1798913595
1649394251
1765209500
2093287962
1653662315
2049863643
1880120251
1571615844
2101624312
1738746467
2189113970
1906297932
1727007760
1870446561
2036128890
1598482631
2081463695
1717081054
2130156162
1655413320
2050495475
1666306835
2043744137
2414031320
2044303060
2043902323
1975969523
1870438603
1317752450
2133102750
2047598534
2256612363
1760718781
2036207882
2036211194
1870414327
1243648065
2043926412
1708924630
1865172895
1728915665
1722395920
1768809273
1928724457
1962276315
2045968841
1899293080
2074833864
1682793741
1935275373
1742930277
1676627893
1979609262
2240048224
1649198674
1746060697
1775044661
1733046610
1940651200
1785703524
1937093595
1855003620
1892518191
1961444721
1856042673
2119824634
1652530693
1773525641
2046909093
1274567915
2205838002
1909122907
2379125604
2366964490
2404398171
1715117314
2255707384
1786237337
1916083122
1669297864
2175062552
1282593060
1299574941
1571568194
1722652054
1716162184
1730773154
1750746287
2400980935
2287086654
1800977235
1878580627
2141209615
104881
2488102813
2129961004
1645189450
2011558092
2313372790
1768222334
1890503494
1787001544
1672306750
1743436820
1705778033
1759010237
1247741497
2169854671
1791458695
1715589255
1727984030
1712330557
1781567025
1775084917
2043676892
2050367845
1737950455
1131911947
2051180595
1730797722
2300101014
1739873705
1862980964
1886187834
1503278774
1311953915
1966217327
1790702521
1688432275
1771863860
1785937621
1627648407
1901119184
1803794505
2245706542
1644059533
1706392091
2168340782
2202387347
1789884925
2259347161
1898150481
1824971951
1683621017
2095249005
1785858197
2460959294
1775793241
1737371842
2285529913
2143258075
2121550157
2035971920
1337353042
2029297291
1686729725
2248793772
1767945174
1916151223
1996834407
1984431443
2285418065
1760816384
1642891877
1566548691
1730856325
2482880302
1721228247
1905961317
1828387077
1891647493
2122263191
1681818950
1886653333
2292694601
1841488577
1699420225
1783607394
2191017324
2028075640
2369875581
2050601724
2143406317
1656195135
2262498715
2129207381
2175933691
1898547732
1893933904
1863301704
2044520055
2336758174
1567484453
1254422771
2095590923
1879711881
1904130194
2032641372
1438141020
2291549310
2260857184
1980930267
2053497725
2260541813
2044157447
1581876417
1895367661
1732795400
2008385827
1911245783
1665079512
2097367621
2010269653
1967255582
2043354781
1717214985
1725945284
2201567483
2307243967
2241547244
2116934150
2364799612
1862916832
2273706834
1820288351
2043729212
2286190032
2093080877
2275109262
1769991154
2185064805
2091874940
1592253167
2105319864
2044301363
1747523521
1822786867
2035958644
1804567262
1774163475
2046766155
1812654141
1814181880
1839676151
2171630722
1965590252
1642335721
1654816714
1748065282
1892715655
2099496810
2043649173
1687426913
2043377970
2049888807
2050998215
1874430260
1762307567
1929961223
1723328864
1708344134
1858179832
1277387245
1761648155
1768011122
1733337017
1798348551
1682297633
1746748424
1752480575
1744422463
1732105832
1671411753
2044216227
1734651664
1732523361
2099659647
1683498705
1633243035
1670645393
1900676481
1812553437
1738655763
1687355351
1932551005
1808872357
1757612195
1777184483
1670774563
1647706540
1746968910
1665034685
1973711521
1616155700
2152406592
2050754153
2341618870
2286596480
1914452112
1765965495
2112218511
1752651944
1699451730
1849208610
1769408114
1654797940
1729803232
1663944785
1280424332
1798090640
1733712372
1786822991
1656534191
1873729700
1894102410
2170730475
2166726834
2213878720
1623840381
1716314577
2051366584
1870547357
2168367443
1897729522
1778371420
1698229264
2193907062
1810010551
1644505787
41915
1686762642
1916446125
1638706324
1340241374
1840894633
1826094851
1749916363
1747092413
1811146370
1240779457
1738723960
1741139084
1644671742
1586467357
1886203501
1527220964
1827104077
1728969982
1835169730
2117277162
1918885341
1928252457
1221944403
1840794937
2051964472
1886631810
1666572645
1851842215
1837654744
1765661807
1764394765
1730794567
1747896472
1882277047
1044955010
1708853044
1990286004
1644438520
1749217450
1870583894
1962854300
1684914337
1316126565
2080911683
1793598474
2003726873
1417832777
2054186823
1747479683
1875486974
1892592511
1927472605
1741524915
2035845363
1785749160
1861802562
1665541420
2142369447
1268277845
2050753933
2051426451
2460027410
1906133784
2105111557
1667570000
1905454455
1766577011
1791993231
2050829663
2428807470
1968239415
2053109013
2044214604
1969650914
1830346007
1727406543
1770952351
2282401231
1770551925
1750233912
1767200562
1722150192
1769879777
2183459780
2051426425
1750383173
1851507922
1985075601
1704070864
1733323042
1675977211
1908554262
1684457110
2188538905
1647172887
1730647033
1692618044
2011597750
1748876317
1769784332
1727674843
2278507511
2336903243
1686790001
1649152983
1746096681
2203738850
1824737657
1426267715
2473772933
2133581515
1740932027
2108656084
1841218153
1773363872
1801799155
2358371302
2142697507
1643821111
1752397770
1744203407
2416702980
2033765423
1744070030
2279858487
1440474944
1785321515
1984680342
1990609327
1864381583
1768772203
2134112297
1743007585
2004021957
1687315960
1744673042
1948573022
1767943114
2405363625
2121197481
1672625864
1735849954
1774839713
2051426791
2101020491
2106143172
1775711092
1644907384
1789645285
1939733594
2001620461
2044019493
1849719642
1654728544
1705202150
1747134133
2118264337
1704161093
2050281553
2051502251
1658029051
2051426815
1733831333
2244230455
1855898007
1684119835
1743289105
1805512267
2157228614
1686454624
1801079297
1769814313
2239868392
1982593175
2084665323
1697477983
1839649501
1712289565
1968784393
2284134334
1979911352
2114779844
2131482907
1688921402
1321425152
1822944014
1885317600
1744766535
2470860884
2099077575
1966001454
1911468533
1234829123
1746515940
2074872374
2035277020
1803791225
1423010224
1657000630
1688919842
2011188800
1771218063
2051426715
1798934153
1915018060
2418911064
1663314555
1687418971
1798064765
1968548527
2443258465
1729050343
2137743730
1841656005
2043289641
1785803742
2395221482
1972762144
2194118182
1802964185
2126416917
2180930607
1687337672
1799773174
1784835893
2035008710
2078230475
1698686715
2094731972
1891400024
1680847543
2050500843
1717846135
1963397754
1735805643
2257050482
1850465114
2392364475
1681836324
1699604193
1871896381
2051426491
2316494504
2050754367
2414247720
1907779645
2114925694
2482105512
1781792657
1760854014
2395185814
2307690625
2050754053
2254620403
1774036545
1719149407
1708854397
2400281864
2395298924
1744288112
1916402810
2041679275
1668733573
1747514927
1747374767
2395211644
2240673452
1500566342
1703989747
2045257025
1820111693
1846813314
1612169847
1916407422
2051426751
2106812700
2051427061
2057369631
1837923890
2050753917
2039072831
1680291922
1855996737
1738013290
1723906471
2125210017
2044358724
1750618552
1730285187
2051426851
1798391305
2051427055
2051426535
1666089823
1721778615
2051427005
2051426925
2050753977
2051502275
2051426965
2050754203
2050754187
2050753883
2051426375
2050754247
2051426595
2043793220
1914781250
1775054913
1391520791
1888734895
1672666563
1577788227
1750082003
1725179210
1775061775
1760623804
1770780812
1764648052
1747484555
1738664115
1654199107
1709693230
1653422763
1678012081
2051426641
1881138163
1764955265
1750320051
1706990813
1705169310
2133413672
1920632535
1639173492
1683590694
2092332504
1984417782
1768223443
1767955564
1714290665
1641568962
1959073115
1365045157
1656775275
1801657343
1838350895
1653238704
1496908743
1228345303
1662467342
1729013651
1673396891
1719032712
1740936973
1962181937
1241305362
1627897870
2080888643
1406455820
1866224657
1644246863
1977610261
1769175333
1656796074
1986549313
1649248821
1987593374
1960346460
1780591201
2002148123
1646191813
1290202310
1649595527
2539591182
1788220545
2001627641
1792546837
1739968225
2256535513
1986119290
1780055501
1740307755
1919799825
1702507820
1738033080
1652423853
1904477182
1793131325
1987007491
1800861037
1744709877
1708872402
1778740491
1686759823
1988281155
1678849087
1686734353
2004408777
1738307052
1804414737
2018531087
1647687670
1769152985
1899475910
1711632870
1921104042
2401166335
1885522237
1548694207
1900942187
1822612327
1775797891
1784393773
1205216161
1690028280
1772084242
1915109673
1417781011
1819782233
1650507560
2214160944
1727385145
1779666401
1874550832
1864115807
1665169124
1226048993
1769809520
1681838891
1938998744
1784368697
1779008834
1401260654
2453023147
1788393453
1058757561
2281604577
1964838841
1765260585
1730276312
1901762782
1625867924
1678793693
2396419970
2044519745
2384589653
1900159244
1886758463
1653584582
1860441854
2209263497
1839665285
2027933921
1676457292
2113916345
1807621315
1747383115
1776518855
2292133201
1800197894
1670180922
1697695784
2107759385
1665533225
2104698183
1803280505
2047368010
1762529821
1687400051
1972511180
1907261894
1644100824
2015729731
2105727797
1969416062
2534187534
1772656705
1653150224
1796306531
2436601627
1899640104
1881958744
1799604472
2535617790
2105402705
1704727960
1885754984
2384005224
1798347207
2138815735
2140539205
1717709191
2024688853
2061980983
1640048650
1852340584
1989606653
2051426991
2313542394
2158983343
2030437061
1734599330
2059215873
1664310991
1786934961
1975415803
1698631892
1786318252
2036030484
2017288131
2119477860
2029155750
1778964012
1775230583
1436999395
1899957840
2205710894
1719147587
1862430240
2197892904
2456995350
1704558113
1778941045
1771046131
1810571974
2242484545
1781579847
2106214261
2307548375
1734483792
1662665261
2358389914
1975020875
1740921087
1769079412
2103451482
1888568665
2337087983
1764599417
1808598632
1846931820
1910978524
1859974554
1948743764
1689198174
2473296752
1727353121
1802520647
1876145865
1568333591
1715835280
2209077077
1942633980
2496645692
2319562264
1717734480
2519748760
1770944894
1668304694
2283660014
2145576540
2258268167
2234864391
1937496585
1723150242
1664284174
2377340420
1649628032
1971802895
1942847762
1336323073
1931890934
1820054641
2185170462
1986357391
2113555941
2209964661
2144771775
1644489055
1950776094
2330336981
1759723097
1744659467
1763914557
1894421995
2104689253
2051026512
1688258905
1730310250
2216032500
1797119347
1744769622
1768008972
2061873275
2298955763
1840774525
1781308033
1991403917
1692098345
1744701705
2048266270
1990559627
1737928843
1646062850
1862263434
2394951021
1864305684
1958859084
2207998434
2105990860
2196289131
1661974015
2010931602
1714295984
1929989587
2188569403
1775024107
1862213821
1799748884
2254482437
1966122425
1658953784
1762200797
1957472244
2315697430
2285812370
2316080120
1644514482
2329595792
1767962513
1987078852
1937997142
2151914610
1659554277
1920775707
2256106342
1729422962
1017100395
1768367307
1722465207
1749595554
2045000891
1780575353
1802476097
1981191843
2005403070
2105397435
1883899825
1653449535
2345608277
1860590642
1719140534
2301324740
2108150244
1746275871
2479822922
1906869297
2101744494
1704738370
2242174560
2039981231
1762718243
1746171817
2047635642
1988848902
1834741903
1774169463
2173514470
1750320667
2299040640
1763677744
2167290631
2129464197
1918438942
1752161437
1918825964
2190039263
1941108937
1749601174
2497276054
1775565971
1761626821
2255345361
1244273980
1840067451
1918725323
1728973355
1693008244
1773237581
1735108231
1661261024
1709499140
1791347442
1618657671
1958825510
2167020124
2062622965
1706622517
1712748772
1780058063
2110646130
1750480740
1822185451
2301406604
1941976324
2004869907
1968842965
1957556472
1897058070
1722559034
1750585844
2519384492
2442735837
2184498275
1820343903
2246138962
1722465717
1681803857
1914558707
2100277994
1943404154
1906044430
2245282775
1326278003
1831311734
2094940965
2373687150
2346699227
1713437672
1686572375
2088451960
2372020137
1752611742
1797798792
1820615291
1735708311
1919096437
2108306201
2367478970
2286301520
1886214650
1740587165
2343728457
2254749134
1773185505
1657316364
1700138133
2112955044
1943247182
1784780873
1409135841
2090196900
1844114233
1300475317
1957580850
1986936691
1780376361
1635304680
1990172642
1736292551
1734466031
2061289503
1649600425
1776485661
1818959335
1820094311
1742819837
2340550974
2287658422
2215789320
2189166830
2044508735
2218927704
1850567844
2238975137
1905875680
1667907911
1773148035
1735493945
2173716212
1748711280
2114817644
1707013507
1650496600
2053001265
1927082644
1743309895
1821891855
2044466300
2080870033
2044426702
2040390423
1890728830
1862267942
1733379643
1768286801
1752928583
1760684763
1768425600
1684076172
1672296867
1867012187
1674406723
1769632975
1766612437
1675443017
1678330970
1673400617
1655205901
1667585981
1316222974
1985432302
1768684821
1749861107
1753017542
1649666132
1928244585
1746193917
1660076540
1725229222
1998321847
1712966332
1836471751
1727573440
1759301833
1741605313
1004895055
1746284802
2052445503
1762712291
1818980321
1869216200
1721690191
1792750693
1781741732
1792030747
1645903643
1776798431
1571585030
1850291190
1606351031
2125637371
1799497344
1709486153
1648953020
2177249545
1405478624
2416550391
1588701027
2177436100
1683996917
1661750567
1681479227
1779328684
1729637993
1620066471
1768633060
1853642753
1984445885
1765298195
1510446822
1251313405
2463978195
1730325902
2180274267
2109948457
1787978111
2147017167
2139528753
2057899864
1788432323
2202921741
1743873804
1213671160
2455909463
2076215147
2121141225
1945391054
1741638261
1480635833
1732356383
1768374581
1750737637
1760637980
1699399052
