2235395617
2018715531
2392276694
2411424417
2344249975
2092349515
1970472417
1878323355
2206604793
2053327747
2139069877
2191672240
1557571673
2520302592
2188442585
2401556431
2335364372
2433821234
2273978780
2490488392
1985342703
2376282857
2139345937
2360080321
2214896493
2135413283
2402252613
2401556451
2202371267
2132117173
2401556385
2402252733
2098543517
1808895614
2050806677
2329702640
1885942524
2483262464
2402252597
2182977420
2401556495
2402252713
2103387412
2157693063
2401556485
2402252663
2402252637
2401556441
2401556415
2401556375
2169983983
2076381725
2019707527
1965372162
1871682031
1911123793
1299699987
1829167825
1794833200
1704006190
2432424570
1875088617
2551539522
1360235424
2186544947
1995063975
1897030112
2359160964
1879471853
2049424702
2505472250
2457632204
2212575834
2436325324
1982402552
2549568384
1744530421
2346309262
1927169621
2254281642
2057310747
1902294505
2414910505
1975960927
1872751950
1744661653
2151787990
2150643322
1878565680
2368547687
1977565423
2427746875
1691387204
2106069951
1824354744
2394436504
2532453850
2054383025
2251243450
2385683083
2515853580
2079189571
1926643245
1844283341
2251743457
2383348202
1854778697
2013961677
1764845030
2458814002
2433640770
2004843827
1873624837
1763184434
1955140162
1187214525
2368517250
2054372615
1903958645
1847420552
2490905713
1942202523
2011894352
2412420242
2420124887
1855497713
2185220480
2247242837
2305472640
2454752790
1882270112
1270173520
1844895531
2477040234
1764044887
1900210771
1990193395
2235172917
2343913634
2422745202
1663311607
2297424862
2411490362
2182596055
2006004355
1864469905
1830264077
2473876734
2298514157
1735492025
2013945903
2072699193
1825472685
1844721203
2274040305
1731936490
1993210641
2401858071
2034010987
2372678202
2360056381
2173395064
2218593101
1985313735
1870435341
1875379117
2094242755
2405422051
1581651281
2312126152
1886496441
2159502854
2334803527
2141953651
2241416315
2426748100
2369715970
1832449305
2385520270
1976187465
2416875773
2141208185
1996010954
2118113753
1894377431
2512476904
1940149423
1955308080
2192052270
2037200037
2367021560
2219606141
2412074430
1828904314
2378899730
1813460503
2137411294
2150568564
2097614592
1918827243
1880309802
2200472831
2387228263
2357526985
2105442922
2184944532
2171902437
2191742355
2402252647
2209942732
2054103547
2149334890
2153376720
2098534647
1865701737
2218521153
2017142595
1919004747
2155401060
2154541333
2153254004
2150531773
2149829271
2040809665
1870461725
1746989503
2150549607
2149832645
2150524277
1878394791
2403178211
2409537735
2164847484
2061683901
2491207810
2505724424
2409392700
2260823210
2280214550
2023609301
1934691193
2091838493
2347312477
2409283440
2380714394
2043564782
2008460451
1983642455
2499065132
2140604937
1875333245
2163003952
2005388033
1984213381
1133881517
2521300132
1989875622
2155623012
2291906897
2091905412
2076837241
1793202290
2010257287
2126185753
1965494983
2414502951
2499702682
2319580574
1237021274
2164039704
2402252707
2405519807
1985285011
2013275930
2185733865
2030548241
2029170553
1802336443
2012338675
2306904510
1983986927
2476217194
2415427670
2242414232
2424183364
2139064150
1998757935
2464295251
1857402832
1834516737
2245050640
1850385292
2454255891
2231079062
2196304437
2419133095
2311206207
1938937750
1296243822
2072331613
2377515894
1853947561
2385015707
2486737354
2156831133
2361881682
2169476692
1751357255
2365747992
2056098691
2181836875
2259570754
1212634721
2247523544
2550192884
1847009417
1926666291
1911451415
2102409073
2039862493
1866164795
1890779142
2127966770
2455081401
1916940737
1885066331
2341330044
1684427313
2462250422
2113059490
2097584584
1872292301
2125622537
2153698684
1163741451
2190811414
2219028777
2407465450
2049436100
2184956074
2401556471
2418507364
2402801903
1951070614
2150630467
2150566407
1939532322
2146493494
2099831717
1871039201
1750703182
1750705242
1748850054
2150579317
1808522524
1994626454
1904241815
2522862214
1835707707
2490540840
2398196902
2152484075
1664850590
1747822631
1924502695
1977563277
2087145241
2213977397
1738426633
2180261180
2522838570
2013928954
2012175833
1970740752
2413967574
1842865747
2293545290
2023477567
1661574932
1738600117
2185328184
1862004540
2005188637
1976020890
1908496687
1661967357
1735696152
2027586097
2179482510
2517731382
1774361234
1962281302
1805508840
1981739991
1878356481
2100232417
2161939344
2489376000
2095612101
1196927665
2388089455
2044012915
2139210353
2392967662
2317387592
1853055404
1761769152
1735806654
2414717312
2010851212
1703010470
2452693582
2213089681
2198542617
2032197454
1972175475
2109216314
2311352534
2409336330
2480637893
1898233917
2237958597
2436946561
1880834235
2239259442
1811707572
1933056925
2007980261
2017044417
1877255155
2164338112
1837418902
1866524251
2013349013
1885384314
2160026057
2149925045
2279486083
2211367143
1940406990
2169945863
2021794551
1738421027
1884365705
1891849065
1766477765
1629442847
1695378370
2169796415
1949791100
2376298682
1976281511
1962033605
1892114980
2346354384
2006733105
1900523001
2416631172
1760645252
1879626553
2382017303
1997205417
1655622824
1879615004
1700066312
1729332983
1870688711
2331572925
1666928707
2350177583
2012823002
2005733113
2342159564
2211083290
2111947635
2468588060
2300644734
2143271965
2244601090
2043730335
1874428952
2393797630
2425402614
2141012455
1860074360
2137996417
1900997981
1854997183
1939024357
2453921710
1941191692
2308374540
2375428945
1895633571
1853894600
2087986897
2386945342
2092890127
2168710354
2184120862
2380659907
2409339454
2554170204
2106150935
2459152312
1868223042
2094660043
2435525737
1939359981
1894018142
2390896742
1984915141
2113303782
1765225523
2035210734
1959935932
2341259474
2098067880
2402252657
1424201282
1835894217
2234834145
1035433372
2316738315
2151686074
2186512905
1761388730
2166091753
2106861170
2358913025
2485347854
2034084210
2419526760
2320158975
2290202483
1997112003
2364134045
2339014127
2049256774
1668578595
2150547013
1735635777
2050725951
1891222080
1883524282
1753067653
2484379741
2012792785
2232758860
2142355364
1412068422
1979998874
2241190525
2023686353
1828814680
1828824694
2011434323
1771956140
2367159715
1880648072
2200468072
2196019964
2044204922
1976667532
2347596182
2014667854
2428075500
1422670331
2546186980
1908737577
2348668214
2324132191
1823563961
2088292187
1781939062
2128707531
1683729284
2401600144
2490833932
1945731787
2206330791
1977040453
1815845330
1881644675
2454906954
1966065024
2306504463
2242262780
2090693604
2022354313
2118618073
1796508312
2132446685
1880120654
2044028570
2008380017
1766069971
2482692740
2088300674
2012403470
2180377580
1774853192
2043844282
2140532233
1650431990
2128706671
1959025600
1862741003
2533852512
1904258902
1821462004
1801750174
1968274691
2341257660
2006671337
1998653372
2020239975
1727575981
2370882044
2242776654
1893312220
1862048957
2002165264
2071699720
1809187684
1879111651
1893849534
1859422634
1804669952
2185510730
1999038895
1868856937
2049514405
1798310230
2366825990
2132127502
1909332820
2378517534
2407386532
2480387592
2030723431
1897159162
1743939945
2028465801
1805545592
1894727504
2181496165
2401556465
2001476247
1748849383
2134588603
1987192782
2157297607
2075732601
1816538545
1853305615
2002102567
2274911584
2440158863
1885816700
2033513924
1890693234
2041140520
1359840967
1991621170
2035097095
1908326534
1827697584
1863234103
1819571001
2015494845
2050276831
2110105203
1842784105
1728568467
1817996643
2098816407
2056281805
1805068540
2216343101
1657627717
2454233262
2038496432
2126672133
2025867493
2173247721
1920640672
2048331333
2165951964
2538724282
2021970960
2412081883
1752013531
1883632961
2391049703
1832278364
1916164531
2084575473
2149366012
1835566632
2017093634
1822566141
1904544485
2298072995
2144491877
1966047832
2006147757
1804991662
2050900312
1987852840
2101378964
1979720530
2418766990
2523686824
2326336941
1875300075
1906824987
1878201851
1798621173
2013308444
1881266920
1927523417
2172330414
2131715044
1935501362
1901498782
2100420705
2186505714
1888935660
2271211054
1974529574
2506065670
1947853194
2178533862
1842576725
1847310182
1431508187
2131376007
2027143944
2416327524
2379496571
1959358294
1844794630
1834082562
1875145235
1911364461
2105292400
1843175922
2416523350
2419257743
1775287592
2532417490
2411873352
1910798465
2383949982
2201703222
1868508131
1954529744
2175694192
1891146934
2173794120
2160907242
2043239093
2023878861
1899618974
1807368130
1821682591
2093878380
2209359303
2346103157
2410908544
1951191332
1942736352
2001928825
2150412000
1891976961
2275241860
2252334112
2030467781
1866367040
2384896704
2094920683
2385981684
1972646554
2366971804
2294428033
1775048203
1855567811
2175394770
2100798870
2167901225
2094630227
2182319131
2097576012
1974034100
1767724642
1747141100
1747143307
1847300301
1865804041
2456394597
1358068530
2101094955
2450171843
1739572194
2080772617
1580748191
2133484280
1873625985
2168938214
2246524932
2012472535
2362380580
1780925605
1909067843
1891730863
2347722373
2336311515
2020181584
2011445380
2095456787
2256307160
2032556787
1972023231
2047979185
2452402057
2047847887
2169740493
2048686302
1846383373
1808440460
1757768921
1904414427
1808289795
2517286040
1734269847
1918761231
2356971223
2275246322
2007219565
2377609617
2048322854
2184203164
1880676091
1688511087
2533792692
2393877680
1663414103
1814493351
1860042964
2098700253
1768104704
2014158270
2366952160
2065032077
1843641320
2093427737
2105252621
2408823145
2267350773
2110050941
2497794150
2368466570
1171287193
1707592311
2398579221
2179117793
2344060385
2142457253
1699912040
2151968052
1853885371
2121324987
2473494204
2126970525
1850216393
2195649495
2343812421
2219231395
2339199603
2213294431
2431008102
2421994552
2466391204
2503210194
1813672423
2013118281
2014019847
2354193904
2128447521
1995231701
1830454311
2468866520
2057713814
1872007120
1633174227
1905958213
1951663457
1978783575
1841771563
1677652241
1939674252
2472057390
2357096912
2016711831
1871061915
2076485787
1866108664
1826003775
1802449741
1934339127
1789360400
2366171484
1932533012
1881246437
2416801521
2419951022
2380974112
2010341145
1564499075
2027893745
2126925453
1946263544
2533834984
2130304191
1933433561
2452052943
2105203922
2240453083
1839494392
2174397964
1532689111
2107498380
1827119415
1873134795
2420400553
2176174865
2087370871
2062758175
2332392667
2393656441
1866488605
1998080971
2171760512
2334989584
2013447920
2113620864
2407902875
1197027011
2405768521
2163750884
1971671010
2166367893
2366878910
2513966924
2000669051
2473699784
2007550854
2426813224
2177850825
1830501413
2032269807
2474758060
1558186187
2034101200
2375260430
1883641237
2373792002
2088371183
2392595674
1322327884
2096040091
2107974957
1642897875
2394493114
1833294987
1900270914
2034825392
1817077500
2012074207
2503571000
2412138062
2118566983
2434105752
1809846483
2146473215
1916299060
2341125874
2537108922
1841604605
2332867802
1991403351
1826923687
2093001563
2461094747
2360686123
2158492754
1666732652
2416353580
1866807872
1847740242
2122754047
1824533603
1661062347
1642553754
1820548011
2127694710
2342826407
1728148167
1772339065
1855957555
1548969777
1726975032
2027139463
1784384231
1908797267
1994926204
2244992162
1770654545
1744379805
2034369062
2134431300
2473709700
2152710980
2127785923
2373668803
1742989405
2335906990
2140520915
1882071074
2080177307
2045084303
1817983253
2147364213
1960778145
1726856247
2458312542
2418277553
2097238434
2159549733
2516572614
2053985595
1735574911
1834386705
1896527401
2120731825
2473289250
2355250317
2174871542
2359778144
2160588621
2159276593
2217645512
2462833702
2506060344
2138698515
2169097570
1851726313
2037075232
1854478160
2361083252
2061578717
2347849255
2175994864
2002051287
2305312464
1852483244
1862581490
1777476333
1857474330
2155854170
2463675662
1985691273
2040587757
1878136331
2405231511
2108511511
1819022653
2242398164
2538656454
2118690605
1911400810
2034795025
2404950243
2045313395
2374361352
2074114607
2164615041
2132344347
1960923772
2470854683
2132449890
2161829125
1808883917
2218848064
2321701793
1743321831
2057844793
2365439892
2092543624
2493005662
2208890015
1880926101
2420518051
1900588305
1874427425
2383209460
1794974720
2159379714
1918169161
1984979220
2440604735
2153298202
2445707535
2094730767
2030203593
1743244134
2099155045
1872358612
2356913504
1878091237
1843745250
2139926843
2413672701
2183754144
2152779040
2371556060
2034878305
1925563404
2203264130
2003829895
1853914761
2401556461
2150693633
1939719230
1913096655
1984476063
2060453893
2121711707
2110663001
2168028975
2214465862
1971973561
1923465087
2106770864
2177366345
2205536897
2216194463
2154872072
2137976575
2027077064
2149896631
2114776544
2153401482
1738421981
2189206591
2101077841
2149606051
1853565117
2157017271
1874412683
1749965663
1924501653
1750707152
1892625005
1866237387
1878429437
2149845275
2194489484
2088667815
1862403034
1988011654
1882153660
2041959663
2035688470
2118800905
2153991100
2049980985
1878146195
1924063523
2384953342
2352958072
2089792425
2191173892
1263944667
2170581830
2398438931
1902119134
1998400881
2425838282
2160220263
1889751815
2488406722
1766065671
1805653320
1776134962
1827409353
1987973631
2358941861
1874566305
2010782737
2287661997
2039949513
1917996662
2434572782
1964111933
2272137945
1813537701
2417527061
2421083547
2076702591
2384204965
2461248222
1904650327
2393803820
273074029
2027230181
2154455420
2396877392
2104820410
2239605812
2137100855
1855623590
1188395863
2348963387
1729477664
2476906402
1880889764
2233184244
2294663480
1818210715
2085913041
2296597244
2049949342
2024340455
2434678091
2271848313
2325663044
2019560214
2408394887
2097473392
2469025574
1932088562
2385360133
2075992507
2134851285
1840641544
2053789805
2396686852
1658518802
2108379081
1734463655
2162457690
2010721860
1764256735
2340660930
2435274042
2081709453
1727001670
1603010891
2113862054
1979520152
1993863473
2297317284
1854563221
1991547682
2393706094
2330332541
1854829951
1998368237
2167124164
2118320170
1827903192
2155832812
2004691651
1890558914
2019470247
2037461015
2425662723
1593436677
2431445434
2149620741
2138456267
1945105384
2394802112
2466779064
2006486522
2457260282
2368937520
2128268053
1665903580
2215647344
2186730974
1936219052
1894638061
2017661207
2167161164
2212485652
2150741944
2129139440
2205246590
2126516263
1941298904
2150622953
2149906091
2149902025
2062716881
1866400027
1885769713
2150569427
1276799237
2052784187
2351755421
2419158813
2545603644
1710162953
2416560457
1885124277
2381354770
2413818940
2002969984
2437339413
2321544007
2018508071
1928214367
2411275604
1564317830
2092563623
1997631353
2176584134
1747079512
2195523534
1747659147
2378021704
2051749801
1955936800
2207533470
1836057412
1898999173
1757725175
1935825012
2234479703
1853090373
1771883394
1859468632
2378836051
1892619184
2149689540
1980288370
2342974131
1840330517
2125034642
2454981481
2197540830
1179777574
2428071942
2004842922
2419787620
2192395362
2189646835
2144248351
2367155744
2394909692
2210247102
2012349007
2240181474
2114056362
2318974335
1282505097
1972710485
8766035
1715676403
1900008990
1911582517
2027753043
2136345451
2125911654
2210188295
1655706303
2048965504
1831208180
1822153415
2142196483
1837413667
1878134457
2149863361
2149865901
1747130190
1914041447
1747128383
1956489847
2093300765
2155028625
2169191953
2132189481
1558028737
2015183347
2395366214
1841519771
2117111293
2245203497
2416646092
1747902490
1991366881
2266810160
2097419787
2477215150
2232985952
1884926694
1874632674
2402975860
2478431224
2376404452
2142712021
1818208594
1841783917
2373314134
1798548901
2409252332
2033747030
1949135912
1826770487
2329988500
1806923004
1411788061
2070154204
2300651790
2315953565
1870848497
2460218212
2418340242
2381034454
2371340597
2350969461
2021744213
1930519791
2085860995
2453851732
2063433391
2427859264
2074616867
2316857305
2037308197
1873212643
2137188735
2104461424
2029419797
2362998380
1905782710
1818379222
2474764990
2415039320
2506685410
1796326505
1805101535
2396454772
2207718930
2254537602
1948863244
1700560243
2214893890
2313725832
2060552061
2127503351
2140772641
1899353292
2156456310
2133541522
2045134623
2342547302
2128786561
1837854932
2006356505
2506101562
2080477413
2024274465
2415494104
2156334480
1109916513
1935316304
2234323534
2150359214
2219582581
2476363392
1907523370
1253508091
1851774145
2501807717
1833098547
1952960035
2230673642
2036952521
2543248752
2458424932
2071109277
2454621550
2159206135
1809657032
2431107822
2257874300
2466152202
2470113084
2072781007
1851620125
2186829571
1714497801
2219206592
2110920045
2434271512
1703517997
2127997197
2173528380
2164846612
2124181285
2376587050
2429607934
1880207035
2306591410
1877897325
1695907431
2509507752
1837090133
1831285765
1905063797
1830716922
2096437210
2312351901
1998192637
1920676957
2096962685
1866354385
1881082535
1957347804
2032637822
2122078591
1773587603
2549464622
2008328303
1762425860
2500127354
2181487765
1975195354
2407214477
2089878481
2012079700
2366799172
1911524351
2315179980
1732700131
1959184710
2014212310
1747900171
2289613887
2092429297
1901559451
2103129045
2177236471
2208534040
1880066475
2341402460
2431163930
2315322612
2139058983
2273902163
2094281133
2095929393
1236255577
2183924621
2036976334
2192036860
2120239522
2043691195
2461491822
1970349660
1912390471
2142729877
2184371701
2076952052
2011924212
1641955824
2142637447
2014265631
1868709270
1965721312
1737030833
2171510634
2123734285
2109752647
2235746952
2184106182
2145284247
1939606590
1750713203
1403013492
2119648611
2159001285
1961711914
2044418067
2149848825
1747122947
1747006222
1747151597
1853850007
2016788587
2140241913
2150628083
2149916081
1741727124
1815654344
1868109255
2126774417
1962026940
1904055707
2193327352
1712584307
1782791963
1809166164
2166712870
1612263940
2404437201
2466113812
1750019731
2253315352
2503173350
2322403540
1962423031
1618685035
2407374800
2003780975
2535631224
1568658027
2003324087
1989456277
2526344930
2087706467
2416744537
1826389057
1980299871
1911767681
2055492487
1985454885
2092192475
2209871927
1879629267
1738110950
1847519525
1752010115
1676317545
1797798585
2030418310
2382636054
1761054005
2237909712
2276641673
2342921233
1496832391
2257485654
1826182782
2552827744
2009135881
1916010223
2069269651
2040866245
1747929235
2170949893
1950307050
1574877053
1860734240
1837424471
1397493572
1629657050
1895525931
1880095747
2162437450
2119264644
1990599237
2042171701
1859414494
2370831561
1959448812
2158740143
1962465797
2404245107
2142171555
2336123347
2186243082
2460242862
2282863083
2267235657
2039420421
2082615577
2028994015
2060001693
2018284975
2157150013
2042618435
2041092937
2144451533
2041569725
2042047033
2065855161
1983038295
2075900347
2042575151
2041697725
2080234647
2075021357
2042633285
2043135223
2043976335
2076839663
2076824033
2076813797
2077509245
2077490545
2076766327
2076733867
2043313017
1989223081
1891425411
2258110660
2527549194
1898604497
1948427642
1988569394
2255247890
1503082821
1883345617
2420805812
1836275055
1873730091
2137940677
1892371103
2152362121
2404343001
1935240522
2089417061
1832792537
2130006175
2179430464
1906578405
1918225815
2049382210
2232650143
2004172697
2071727511
2240449683
1911340701
2521418612
1833838424
2165780780
2031430873
2243781162
2476074410
1772323264
2146346992
2351958794
1995742603
2116701102
1988302333
1999704087
2348130281
2470175432
2005732535
1887685537
1836037642
1768578605
2094622895
1824761942
2168522377
2240449623
1902378491
2462897964
2033780334
1833031745
2095369067
2475993024
2179203617
2195198617
2155139912
2367974643
2182213113
2177326950
1891765194
2049025987
2241745400
2405640263
1785873781
2165289254
1744379875
2431659383
2017526847
2377076340
2369882413
2155803273
2206353174
1767993660
2339334097
2011692883
2028080157
2173305332
1562348375
2163110604
2456633480
2177035652
2131466684
1969262602
2085620987
2011544925
2535623570
1880883723
1952866080
1739746697
2177276354
2498612532
2110375453
2137510807
2393959312
2365079014
2096300071
2214098014
2137475957
2417647130
2042734063
2107475720
1558154683
2350075250
2057089747
2216544682
2100623570
2121012480
2363604654
2240449397
2506699082
2262945927
2341174184
2349375220
1859427457
2309762754
2187226404
2150028783
1985598714
1558204667
2336556834
2453349173
1875766811
2475672704
1735378450
2464825514
2182542271
2428949562
2428138671
2408294415
2145260231
2255617482
2188069611
2294459654
2411080862
2303569425
1985658451
2388091852
2049872637
1997875453
1818960861
2410362104
2142825713
2342737950
1670040212
2385013291
2382382563
1987351594
1857599080
2255185064
2478960791
2410488614
2259232490
2316393144
2370559742
2177309154
2369438504
1947501964
2374475632
2131442787
2516962562
2090253884
1805395914
2116919554
2091014467
1794396190
2506194002
2099255534
2217935175
1843712702
1898534410
1781251725
2052377882
2466267857
1798313452
1955348002
1764637907
1854790741
2104267637
2383875171
1898866917
1822920555
2097447911
2426235834
2509291620
1714891362
1887962447
2516273842
2105562303
2380613464
1735492923
2113769062
2257704425
1822096063
2374655674
2123875771
2428920100
1864780487
2367355607
2133097575
2187854930
1688355943
2386573970
2354226350
2436327611
1904998242
1766641550
1163558480
2158050753
2513413684
1791471592
2177149372
1851477017
1858752850
2408982372
1909802224
2404695540
2036029451
1911256157
2177160970
1883336727
2182269170
1880168590
2492841930
2143011872
2122196481
1872734182
2354566305
1658471611
1773296851
2162882354
2128508343
2172546765
2107561493
1457594167
2099518897
2101556824
2010518751
1822011827
2307929352
1947485352
2183355402
2310259612
2477553254
1917610084
2150377244
2459141395
2203071980
2395326892
2513662320
1954578110
2148481882
2364713014
2232561955
2342664920
1819949511
2173761870
2151630702
2167676971
2177047235
1883546671
1880082435
2155096460
2312673420
2383988765
2011798840
2139371775
2015702587
1862408225
2197627704
2184435290
2138770421
1892753605
2329759334
2053496555
2279881440
2209927825
2208141060
2095399291
2175379232
2130013613
2129024631
2153653150
2149836501
1947627950
1747152982
1747119343
1749950697
1896570242
1873311051
1735418101
1753088607
2107031984
2051532243
2076675277
1871729063
2494522164
1991441367
1852345883
1730319991
1924572065
1865154537
2043567885
1963404615
1872882507
2559697510
2045135554
2157058605
1885535202
2165954803
2159347387
2025247612
1862153192
1945599311
2403940564
2025115864
2549841994
2037822635
1984691405
2193579111
1844959621
1809904152
1946371232
2055901405
1899256921
2133077722
2042463163
2041035857
1783568557
2112717302
1985188695
2508518914
2105248777
2132793871
2005811335
2105958635
2147521825
1832688485
1798235693
1951488950
2160061451
1795205270
1706125981
2109356775
2440177801
2074481071
2364760762
1863031445
2120100245
1771814111
2428285804
1914674317
1998385683
2092606171
2473564380
2121574061
1927230977
1892522605
2033755264
1919937945
2074473887
1809353631
1965495293
2094756501
1984709703
1704074342
2190139360
1880185747
2010319157
1740566983
2080900167
2106749844
2349288431
2273260743
2002618610
2043167021
2051214225
2150589747
2119973251
2055574523
2037981871
2035795974
1947155750
1854898130
1956004500
2190519260
2100027704
2169299313
2176823940
2178267110
2234997215
2150581460
2042850075
1796530192
2013693187
2473359764
1947412174
1703691995
2452487063
2183854730
2372957234
2060363737
2190356592
1911238787
2373982834
2109901344
1835602827
2402252653
2206676754
2521025734
1632610894
2062659001
2402801070
1871615845
1797700210
1899783701
2436415050
2454028980
1900570724
2430331852
2130325531
2243435104
2103146545
2072787364
2396455322
2376243120
2132933383
2348561804
1861782372
2143491912
2104181664
1842403712
2530558984
2283100174
1666177401
1966447114
1298307967
2200610134
2552712182
1710988083
2422058082
2136035517
1747451383
2497287844
2335340543
2476063975
2477476130
1315862002
2203998434
2012349301
2037844073
2242107763
2113016312
2136875604
2399228292
1997481725
1967789300
2110000650
2036111237
2394980220
2431218852
2057144973
2506008070
1224402191
2176158864
1913164885
2106862931
2412782632
2150300492
2403788600
2163628270
1733002883
1793272150
1997357713
2263051854
1871686484
2101092224
2162511627
2374345434
2402252687
2008706842
2302676562
2233521670
2093261187
1666190270
2027773421
1225802053
1667281533
2418042513
2431467675
1705341500
1701314882
1830976801
1957097002
2488352402
2271569972
1665007732
2293019764
2358315614
2049280004
1148362191
2002533514
2184595420
2441769702
2570606254
2068235040
2360404900
2411816984
1868963417
2216289307
2450591844
2036121564
2216511852
1874261175
1837010680
2469865250
2536199322
2329719410
2430957731
1729488283
2259049110
2011949523
1960887424
2334877313
2519606272
1652797514
2012221321
1897914954
2241192441
2037434433
2241192491
2037371977
2083261803
2005669297
1975027955
2205930324
1769119665
1854580681
2213319121
2240454713
2526070474
2418433987
2456946984
1747741472
2014523585
2490181562
2005688932
2010201202
2198113372
2075390917
1866373071
2135200880
2172218727
1979647735
1848980301
2234174832
2078519417
2503413524
2435057097
2458198402
2362401530
1655536562
2406015240
2023544517
1956567910
2398916161
1760398402
2240454743
1850934470
2026488695
2375137094
2060607171
1924842365
1935529593
2160304923
2024344352
1995937861
2034434737
2395105492
2280461660
1823573885
1995677183
1840957837
2035423710
2149965914
2406534847
2371248115
1657510607
2515932544
2419896230
2148654944
1916665953
2411622942
1862928653
2066091095
2145614060
1767554373
1893381911
2449296024
1600135062
1889526025
2135340391
2011100901
2001938864
2518907184
2013931331
2346380903
2196039272
1735491005
1981470952
2498852392
1630353003
1854664637
1970745292
2465237964
1808051271
2359252373
2129991261
2343447553
1905935727
2320863992
2402252703
2347351040
2204582020
1904056043
2235907784
2017220913
2536390462
2462440370
1908555090
1863876895
2035888030
2356950470
1718963173
2364547414
2037177301
2403674844
1676691094
1920071683
2188020480
1791060694
2152468530
2564680850
2043531152
2426645160
2482248224
1813443327
1822943815
1747071383
1855785921
2255304974
2018350041
2034621363
2232083572
2469625244
2425371404
2005770630
2137494613
2411505815
2359798094
2419137694
2331671174
2028311595
1940443444
2346565293
1968067035
2251051872
2159931014
2348576040
2303954302
2421450260
2099371921
2369561673
2137455533
1981914232
2083126861
1973665271
1953117002
2210374762
1904135690
2392410760
2211079924
2425112942
2286058375
2288158082
2087150882
1926931587
2363367210
2020896603
2160615631
2204006122
2239065863
1901345453
1746687303
2057930274
1933909030
2199817864
2203268752
2014068302
2201131722
2181612687
2166547492
1747166475
1866300135
2043993783
1760496622
2149883001
2150584897
2092920050
2080920547
1750698834
1750701024
1747163427
1750694160
1747158731
1747156213
2149303265
2376158080
2155869303
2358367167
2026297991
2433815832
2371622550
1993771210
1609095771
2100867464
2090111374
1764661771
2075743727
2101782232
1821993290
2362341220
1894150942
2363298662
2438986154
1933392522
1764513274
1873419171
2029453463
2340671524
2172606504
2360794600
2499880230
1893128550
2509706352
2419053300
1825311900
2077011345
2344220253
2153271034
2271174133
2339583585
1878837034
2131900251
1969978030
2057180383
2412644602
2234458750
2388727225
2240256912
1352457461
2184786424
2075780827
2105296555
2136777881
2007818974
2370282673
2011620215
2461437192
2038377623
1928976970
2395327962
2151398010
2319409062
2427663262
2325292517
1768626750
2203623140
2231247943
2134412893
2183710822
1973316902
1271127963
1684079103
2346733577
1933534824
2171379440
2087028273
2217039302
1925119837
1678926861
1622162305
2176593360
2176600872
2150561073
2149871901
2149889745
1747138311
1747136695
1956096745
1747134124
2150561373
2483808933
1896694161
1934362882
2486920647
1925449071
2188672302
1863144360
2377513984
1789226415
2196497590
2099187217
2088463880
2173025362
2481524694
2025581233
2413623472
1847276757
2001741780
2167395995
1888351213
1878683321
2419082893
1829787625
1854671854
2394050743
2572038910
1809983394
1879647462
2038054133
1948297622
1957375532
2420300414
1214064081
2376296650
2237293202
1677451475
1878611631
1823887605
1985398483
2390151683
1087469004
2017758473
2085514830
1825107551
2050042435
1280888522
1851773590
2125850685
2518997622
2483724712
1759073455
1850766862
2057673641
1892723783
1934311132
2398213184
2169013452
1797174742
1886161660
2341577953
2017780037
2343049901
1878919323
1851755225
1930828765
1884398392
1988070841
2169552261
2230619604
1891454162
2507448780
2204373532
2484780535
1841071791
2241187711
1990542627
2180260163
1865978564
1701020144
2280613494
2541963550
1878722603
2103846623
2367241050
2366307584
1978911022
1870255772
1657947602
1873646121
2199123104
2049859530
2099815171
2375971374
1904504674
1890960844
2023670434
2308711035
2135018963
2079130670
2348130191
2218218151
1216903164
1846017290
1829767061
1893043985
2326352731
1652055383
1845648632
1827905301
1656418337
1846853800
2203724101
1742315784
1812913602
1817011644
1948232333
2404421607
1985308963
1752009420
2102199204
2148590084
1835565357
2038454710
2147588244
2418590784
2312854880
2325129541
2106757802
2107434534
1880213345
2157748402
1904372675
2033564537
1860333380
2144266364
2015980883
2364732680
1703054257
2013479355
2090067984
1839890455
2056283552
2524257170
1824668847
2080076573
2426637260
2040168947
1559003501
1987518345
2240451977
2428086904
2171041632
2094042734
2060655203
2208511581
1777863195
2482427014
2160486510
2192218485
2272751924
2237505092
1632830844
2387404494
1851583207
2016655565
2355727103
1832246145
2309719133
2355709275
1441808700
1953849645
2311738091
2182118603
2035430790
2013462802
1813500312
1906853387
2131108864
2083219073
2475926290
1845884522
1871724851
2342617734
2411224465
2137382763
2052706817
2033961762
2111754525
1700770843
2154048812
2415817330
1865444667
1804365062
1865464475
1871765890
2496322040
2183165535
1866126425
2241188695
2232507455
2375897882
1285622084
2373446854
2171893421
2053393564
2127347403
1808924932
1831678451
1887873017
2401083575
2093973217
2291588311
1917612917
2011642232
2279200930
1840824025
2172196950
2029521111
2207812160
1982189262
2464752174
1830267311
2466446200
1422174200
2087983637
2524766962
1937359960
2102228482
2139253135
2136912161
2275876702
1810655443
1873431361
2202923075
2369553557
1968663180
2168041277
2481359700
1836180190
2367464605
1854964890
1432288642
1970076294
1998766813
1773023617
1859055560
2053432862
2239205445
1933465750
2332603153
2483035864
1863964744
1922128173
1860867615
2369676030
1473689323
2015996467
2266162034
1943455910
1184862244
1421795941
2244766084
2231471473
1422790703
2474317333
1866238117
2128300233
2171448424
2011256245
2171213944
2442639704
2357156927
1904222923
2016514623
2459733414
1970839341
2523598392
2276693914
1414903723
2144046140
1801635290
2232537625
2145148053
1979403914
2412114422
1743470680
1844814055
2013945972
2305892725
2191130882
1820003647
1881134141
2062760261
1896966183
1961126014
1851766841
2216474354
2317503497
2106506717
1722595394
1729601134
2119221425
1937943360
2151720125
2140304811
2051822905
1874186863
2376617173
1572424865
2017815645
2254102440
2189508934
2337880812
2188262934
2162556650
2232119214
2125698345
1933987000
1756537503
1990584677
1975502881
1933659223
2101221702
2150620707
1930118991
1870255077
1851705073
2141704185
1991638594
1871873314
