2108827081
1899823862
2173033514
1719190750
1281881591
1739713671
1852855535
1642720480
1668336587
2282022900
1354622421
2160148652
2495359682
2392909790
1718442907
1893377101
1780645317
2341700300
2492219020
1893306054
2153925680
2090187862
1800827627
1968185103
2287973282
1852330625
1826246840
1990921871
1688551495
2551977270
2181603797
1803692552
1864898572
1806503894
1965312950
2477687172
1920473822
1704653603
2330939392
1782599645
2010382607
2473548622
1913866330
2242598735
1659877272
1898486583
1863285424
2232625672
1858983272
1097019341
2175136072
2178978667
2313040134
2133084194
1735871494
2524122604
2173441420
1916035461
1940746217
2138777291
2494775842
1986800955
2270494213
2230851664
2213986140
2164204612
1596790164
1872346924
2118837752
2552368912
2253688924
2513383864
2111363181
2124099001
1660055097
1945286075
2132722634
2019854251
1960821015
2318468380
1957672540
1874408090
1914774542
2074745185
1971299060
2384255471
2061306243
2246059941
2115452804
1914259727
2231404404
2260989944
1986792511
1432170274
1805223940
2297021810
2305421677
2198353160
1905982025
2297851577
2164424714
1887473260
2261591454
1958787604
2219707943
1649576621
1800299152
1997581022
1766572465
1842478424
2119888974
1960422567
1905972655
1857786080
1886547161
1223164765
2106115754
2140217241
1599743193
1733879143
1043320390
1917926970
1919796015
1959281287
2297926715
1775818925
2436213571
1292808363
2032047537
1657309252
1573649457
1707604920
1253280721
1646051850
1384615417
1880087643
1195054531
1750807395
1304236471
1661725184
2316358567
1779837945
1884695237
2274998873
1403693480
2086426211
2416350191
1984862383
2174787314
1867563207
2347639501
2256607974
1791356571
2301272834
1704544512
1772689931
1900958375
2195577095
1904907955
2030806735
1665903251
2140696045
1665356464
1665964555
2105715745
1263456147
2009303367
1667564634
2479854264
2267194064
2318265821
1974354844
1832794444
1924738303
1913281693
1884711611
1887902334
1641217735
1997478155
2211960327
1773950270
2356484944
1750344480
1899956213
2036946525
2309504171
1355149164
2032178785
1347986862
2091183124
1891310810
1823500695
2415339881
1660188202
2293703917
1866215324
1608212341
2037030153
1963779987
1749990115
1225184173
1984236701
1894002661
1842757737
1899686425
1570638821
1681848450
1964021805
1531484702
1917975777
1364456307
2374157767
2301780572
2028998297
1992524160
1969690162
1847574185
1700661297
2428956531
1803049465
1278343981
1898941021
1999016503
1444361123
1770670197
1982193315
1880825243
2142840603
1851474431
1750358890
2241430815
1902836015
1845937395
1847251991
2143512675
1878222995
1096900410
1255178120
1641542655
1866356773
1848490991
2347880915
1936596555
1924259145
1664200294
1972761681
2368753041
1343699984
2280156387
2261814167
1866018564
1775176591
1841071945
1830425801
1870395425
1496934322
2089655663
1975815065
1703371307
1752252081
1968948043
2485543053
1647210043
2403516105
2158965961
1298246735
1854653013
1664275343
2384200885
1799658762
1682189704
1868971422
2189280501
1775072243
2202898397
2461216712
1625670504
2442947161
1786803607
2343855971
1725201047
1910355794
2094352585
1774932684
1780920541
1830296597
1874390325
2039806773
1964020757
2315437904
2244061040
1970474985
2401067591
1876265021
1687184117
1917311071
1772970310
2098426094
2107398231
2319831047
2358109823
2074408465
2287692384
2036642167
1930750334
1738344643
2272985297
1668589317
1750766081
2216387363
1784214805
1900622404
1882137803
1875268381
1896956395
1837582384
1872476322
1292004454
2028768173
1921740617
1718574143
2153837674
2083240491
2230862481
1891077610
1677582204
1930328340
2081108337
2105391737
1806646411
1899730081
2058050097
1773489171
1887411361
1904638233
1931987495
1868476802
1703989494
1904563451
1247325967
1906029383
1894151287
1571743761
1882095271
1882119523
1316022370
1759060031
1308405950
1848183823
1843212601
1838498772
1843777435
1841744465
1222173531
1800793605
1803923451
1762691127
1185258273
1698818641
2374030814
2054267075
1700713311
2239847654
1928740537
1642088277
1854809101
1806599423
1800457345
2005623927
1301732760
1905720695
1700648435
1663937380
2399657280
1995721783
1982635273
1682762954
1943397752
1667911404
1841094851
2120173191
1699258907
2474179002
1649252577
1780095191
1420157965
2032139271
1717144994
1736004217
1650096331
1823918402
1855024094
1750822455
2415401621
1774259814
1686551944
2218297972
1720962692
2411245712
2466429543
2255851265
1912476163
1764974680
1797682515
1710972095
1280846847
2243906983
2178416312
1900569032
2257514135
1642482194
1887259304
2381693902
2454005210
1665650742
1647901175
1392016852
1930496395
1688749574
1690035582
1884334303
2163021261
1349296387
2500244395
1721230867
1959451603
1701830693
1875517141
2533829770
2344099712
2152132990
2164096520
2427330592
2233695067
1743271857
1092538373
1578613341
1941668502
2452237421
1791326710
1922445027
2537540024
1910019822
2474036912
2004801664
1821555443
1948929372
2474162310
1910693752
1896439891
1848151243
1708677750
2005139725
1841685571
2000016880
2248313114
2095924650
2336786613
2036480461
1873343331
1684877883
1869072174
1735221154
2133135690
2011905502
1820399441
1870385103
1911502981
2330295484
1579958440
2324967951
1891083462
2288160395
1749281944
2037855121
2260496203
1936491952
2012495747
1883879985
1787370211
2024832525
2359875060
1667983181
1786811150
1882698654
2111878431
1657987915
1849254364
1929334873
2433203830
2170665060
1992042177
2094609697
1351857812
2135089681
1750358902
2093290465
1805655167
1574144934
2164710332
2357665397
2465514967
2428952782
1769718451
1733637173
1892600827
2187827001
2302019724
2024623547
1859871684
1958851170
1774382042
2255391735
1801645584
2457094133
2042098854
2175817050
2109043850
1707004042
1855757243
1968231771
1898340523
1854897251
2525209332
2010839060
1969156553
1132422373
2274854567
2334975472
1239831472
1829811777
2274922632
2382563390
2154726633
2302103177
2523792950
2076795207
1990478010
2359610554
1684790931
1896580147
1767805472
2169632793
1568760044
1819318401
1880308140
1842695865
1059612613
2458001512
2078416653
2519526042
1670738351
2260571472
2104693617
2100105304
2311231272
1778071437
1654082113
1829393603
2250279507
1503178285
2405750281
2426587832
2188702347
1912273645
1323538825
1733258983
1718365700
1766389485
1832861915
1747728084
2436097531
1687503652
1839429873
1862227173
1547902092
2257737675
2011912170
2142326781
2110254375
1728967714
1659889947
2401702055
1898119213
1926187794
2163081273
1834775562
2520879354
2056682261
2198011034
1971936075
1170981212
1705657934
1899662477
2257033612
1919120835
2426761824
1712312484
2416143594
2358924894
2015271387
2102635943
2080914397
1911484643
2099545480
1680637130
2289013010
1563019434
1198913475
1844007143
1750817401
1775719220
1722555060
1916693995
1740970984
1901530387
1841723975
2271037830
2537492112
1662986631
1964770254
1851571881
2090703451
1030285024
1767807180
1933740207
2189718031
2099279594
2476042454
1834790740
1795185764
2128357145
2149131247
2150279194
1668217810
2411911984
2166566223
2145059087
2190200303
1656058115
1905983611
1711539767
2050590837
1744347027
2159158547
2028125963
2130066737
2248851592
2104640447
2342209731
1868238124
1743034582
2552631562
1866948110
1678221494
2200132560
2196408683
2019730377
1813464161
1750349212
1937301844
1910519062
1770970181
1828766687
2345130274
2090657883
1829690627
1841520073
1927256193
2549525234
1797627165
2041260467
1913425280
2281919282
2231853494
2011908774
2138697305
1917936442
1851859633
1784064611
1879476167
1886150683
2011977442
1567939061
1808798610
2162958122
1921169281
2330240107
1658671413
1871086261
1052863790
1628939745
2231584150
2286403171
1974626877
2087463045
2419295335
1698755674
2394746032
1616866113
1870542543
1283357352
1963116527
2461964520
2178442922
2465452115
2389641745
1863260142
2098495701
2509028202
1884215671
1333620355
1847650905
2106038672
2509170814
2458214425
2143504792
2070539137
2243869343
2243940760
2219383735
1995020793
1801404014
2001237947
2115123762
2118697174
1976083377
1892831897
2239885872
1869515512
1670155777
2284097932
1727630067
1957312152
1661704054
1910961044
2155965517
2025542357
1968397911
1967981547
1839539263
2132791511
1858850164
2202109553
1843155271
1709091837
1832597610
1801035867
2232657685
1642732730
2003414272
2355854771
1794958320
2127446185
2330326005
2152161464
2106774580
2050626705
1674064883
2185339320
1935863221
1917366833
2006387953
1871345047
1986944641
2150733132
2099321795
2267057804
2271814825
1932839593
2272604642
2119732511
2331803013
2269221674
2200926404
2271301774
2105569010
1828179332
2212545445
1705839362
2375640500
2338118052
1895114275
2255737420
1805422737
1931053497
1989125595
2257599821
2212773875
1996604560
2233204532
1980070714
1341906481
2216915163
1935561762
1717807742
2241286790
2178452324
1797657817
2271051770
2214578452
2052772373
2210578995
2210128981
1988993663
2037890841
2167367354
1764609097
2139703581
1968716523
1788625457
1934992744
2146653965
2178482342
1984091213
2059229602
1942404131
2053682581
1928402792
1821655933
1974467097
1931223573
1891849401
1912310613
1707471852
1813903307
1843196701
1797691031
2011656367
1841648923
1934168423
1965605952
1893227511
1745483844
1871635103
1920172813
1914457954
1752240911
1820664291
1901419574
1847628641
1843616053
1818790875
1868398460
1872315172
1842657221
1699460937
1592770483
1747133713
1726294824
1713505262
1409778063
1348564432
1841492261
1750290692
2055784321
1992516312
1816256200
1926909715
1905131613
1945795762
2135586780
1315591982
1824398837
1668695325
1769901291
1672519561
1700166144
1656192715
1895431523
1752564523
1834439937
1708877153
1960332210
1496834281
1337491303
1698823241
1649597805
1389537561
2268184237
1909964494
1778751903
2419841097
1702925432
1602415415
1889809521
1841692407
2246831387
1817990574
1786713865
1767910704
1899155404
1750358014
1579746793
1648979552
1671068657
1699236217
2195600811
2269128922
1692883211
1280294804
1687040052
1660450067
2003161947
1709412377
1644377364
1890168855
1717173440
1752236162
1985417954
1680430844
1734530730
1899817622
1680198782
1718488747
1767946652
1910612140
1258459812
1295061992
1900111924
2063782052
1727407680
1736068007
1920656025
1562654371
1822393112
1901379903
1908842243
1900463313
1498135555
2322744874
1847582585
2339170221
1893895632
1526336582
1657106681
1732324512
1892097037
1926811743
1730884230
2278687734
2294112735
1880129910
1733682540
1851733897
2024138560
1481037543
1987235622
2145932164
2003245872
1558852175
1786716330
1891016881
2023821012
1879859474
1948558170
2050690913
1828887503
2094579473
1829451103
1798875833
1225165642
1891586424
1851435074
1457719595
2205289462
1667942985
1919031671
1745951761
1655068234
2554620854
2026536191
1212182847
1827021883
1924149303
1666021001
1676526491
1644279703
1986911805
1196045711
1958557924
2232257615
1727247373
2215395787
2128533307
2571046582
2169847021
1670984041
1730243272
1915298710
1882343834
2149605741
2098325715
1967415794
1907774694
1764451467
1890149731
1222309740
2257104092
2141944941
1851455253
1843773975
1980100733
1748651231
1643850703
2093371685
2375016484
1941349302
1987910187
2382095960
1670075737
2150449362
1655459775
1750349252
1726143411
1571526761
2430356147
2097051350
2100812315
1794522270
1886098882
1493637262
2340709740
1883888342
1847982972
1907573131
1863551343
1817989174
2335411071
1656933621
1812799262
1738376280
2274894272
1835300874
1871282904
1649470561
1916577653
1772165702
1833437155
1943169754
1867038285
2241547507
2140607115
2341945347
1746537634
2105099864
1974568285
2082223525
2005738801
2383052213
1098514187
1804226314
1971882121
1946217122
2513598890
1828373743
2354331560
2404644883
2252112913
2349940547
1920352461
1770504501
1881682055
1983839947
1723261065
2470337065
2206086142
2237208945
1195795915
1242203557
1760640607
2104485693
1686032783
1879599604
2203359914
1735619091
2282408864
2111919165
2271315714
2268983552
1894603401
2452877951
1644421257
2098245680
2004074443
2112018895
2255023983
1756760915
1771945571
1973160047
1567501830
1672627214
1893801764
2309419373
2394299024
1464620071
1749945627
2168206767
2300123742
1852755891
2150398054
1775652071
2292489271
1880235757
1568134841
1997386905
1606073681
1844571885
2426476603
1686577077
2108587073
2108573347
216953384
1976402424
1914891324
1821499183
1700065317
2550331074
1317360591
2549570262
1769293417
1734889734
1630423295
2427651517
2080989870
2427436877
2028143460
1941850154
1909229763
2014009444
1988229507
1936264432
1840341730
2056833764
2244258155
2232282301
1500017461
2167300807
1730811454
1731241814
1735645057
2117237060
2174865425
1974071104
1727471254
1699525182
2109256871
1289178721
1747512794
2109265931
1913164115
1981168363
2056962455
1637601671
2208340124
2084957271
1735474152
1793270250
2122206925
1700827863
2282172624
2035795635
2010439223
1847192071
1919828763
1905484227
2105326772
2330781535
1600448631
2184165722
2154519081
1879657504
1866704434
2337174213
1578369384
2095571465
2313857790
1851536601
2138325241
1863222751
2274563762
2283461207
2023960584
1612243910
1942783660
1913908531
2202248757
1397300370
1960689520
2138538143
2147564173
1957355044
1212644285
1921103731
2097717983
1858158604
2106214155
1282285363
1239167750
1992742540
1909914914
1764939410
1889779504
2043270011
2106169034
1182594421
1905141391
1898068044
2027005173
1998111331
1910657820
1894393370
1906901445
1775693343
1846266625
1905025163
1906835315
1738369743
1663944523
1712750181
1882350410
1792082631
1841796694
1829394863
1768381104
1810426852
1771221871
1766610575
1668313535
1717746255
1673612813
1548852540
1950905042
1878492935
2074380317
1880621364
2294220693
1896635132
1971477060
1273610165
1727768805
2426293605
1902970222
1904155900
2398767114
2181597154
1723999295
2219032171
1764457643
1768565397
1801796505
1660020712
1920195743
1647123480
2002872451
2192813643
2014507033
1771013575
2244089914
1747855320
2027831631
1900397683
2257935345
1562412693
2415202845
1764971600
1918730657
2010932112
1583114330
1900552512
1297550927
1894424124
2105811075
1698243524
2447705773
1643971635
2129852894
1678429834
2454954285
1916781041
2464717305
1704024994
2087178637
1963863007
1653689834
1712856014
2040055821
1267454277
1245360814
2032861171
1907362877
1843835993
2153492861
2439294415
1862636482
1713458220
1644948230
1059528275
1863501524
1967929483
1867632237
1636569554
2187277900
2430358117
2032114197
1815141783
1816845053
2288595114
1762592535
2098968172
1928754775
2004639721
1925437131
1914039723
1988800805
1712318565
1723216063
1702494027
1644307977
1925067952
1652691017
1657659040
1087725605
1958181754
1890733600
1906881261
2131298320
2194015053
1906277651
1592146353
1698894110
1660360844
1958389737
1834547632
1946704830
2301195893
1860262260
1721832382
2087169013
2178592580
1627617053
2509401942
2289414947
1563848232
1904090303
2509419080
1899039120
1807936244
2282053300
1985753051
1840251847
1871676155
2216930864
1768551427
1843147045
2205232100
1972520933
1723519367
2239826197
1743293843
2245793170
1874223301
1274460913
2074494235
1830452360
1732345531
1750354500
2120124302
1918159945
2011666524
1770165364
1974332833
1685262231
1746307763
1961176110
1764607947
1957193112
1970051162
1789871984
2457197085
2172145334
2282401782
1991034483
2492055764
1807237383
1665578375
2392272654
1253669097
1419523747
2188649243
2257956301
2208399784
1876092221
2026127011
2167231105
1691404563
1905717753
2167129684
2420292093
2310733884
1621393511
1769826831
2061675023
1774055540
1832343423
1793565304
1741497410
2131040235
1958147945
1768049853
2031636337
2151598117
2178868394
1988530787
1742961041
2523518294
2011474055
1865959150
2107952760
1893475163
2145271973
2025164697
2243758812
2010276220
2146881270
2540184984
1867098353
1858365182
2097638072
1765547094
2262924524
1286842853
1815207383
2507261374
2375586474
1940201194
1339071081
2426573481
1447862835
1630589481
2316414232
1764828674
1741657922
1895697240
1658161411
2154941717
2149871733
2402418067
2401694025
1893386841
2120923215
2017268841
1708802784
1748306721
1961490250
1887230382
1910675404
1770048000
2365599837
2154712102
1667501853
2048882570
2367360872
1737187942
1935474455
1894232810
1762277243
2192682193
1765880355
1908939544
1882367392
1750354512
1377047292
2358710362
1913010117
2546750934
1362750261
2040290395
1979595540
2208511471
1987059932
2144019655
1764628427
2033375484
1902118683
2126578312
2509123854
1580457762
2385760185
2084586985
2118167794
2476172944
2191486604
2040042795
1711617033
2404083021
2464201810
2323169755
2028823583
2162598060
1733319457
1590055221
1873828852
2128713531
2016150691
1870490447
2108481592
1741801024
2309386103
2218878377
2125907211
2027128274
2145235811
1841759520
2286627823
2280447025
2279664307
1989046872
1797199051
1943936372
1281011214
2001703455
1774783141
1935943091
1930000847
1712839787
1999486341
1984208941
1650486910
2087875965
1907704143
1713995924
1863814622
1907655171
1665927650
1903458600
1843234351
2557631960
1838687261
1405234902
1508453695
1880810141
2213996835
1784666497
1905912064
2205344003
2525457764
1617746261
2197870234
1293854801
1887790981
1729798150
1646221180
1764828222
2299668755
2462197570
1233350071
1237269183
2342547023
1764558302
1999472465
1882235417
1911726914
1775966551
2356195770
1926824604
1926394011
1868262380
1878185341
1653681694
1642629063
1846116411
1887344341
1958358622
2217754287
2478261842
1973634817
1705119193
1703513687
1899621707
1714214184
1911320053
2044559774
1645705403
2138977225
1912715061
1870397981
2137625194
1832083124
1708533224
1792343690
1986954045
1892605075
1885560902
1247827873
1707426395
1989415597
1717579207
2164239482
1907458377
2020058781
1973284014
1750353804
1906570245
1883848203
2242064182
1712223474
1862303640
2310382942
2319434684
1830679800
1973661675
2071935347
2101965247
1992455397
1866600415
1749734434
1900009591
1981891405
1747884083
1498327824
2375582242
2119074097
2251748330
1919754927
1640261447
1893624415
2240370603
1899075123
1867327762
1969235820
2207413797
1652680881
2552083022
1797440207
1867366060
2360916055
1722246417
2039162717
2000174441
2524091902
2301668564
1876937024
2416547272
1887124800
2113779281
1964933187
2017957503
2258223873
1966478617
1963009567
1998381885
2010960053
2135681130
1777317934
1775886523
1886639604
1159514167
1847436917
1419745970
2344039320
1671481074
1703588590
1842023395
1615723024
1703762423
1784453871
2533652334
2000167665
2094055112
2276210015
2037509875
1822203347
1304540770
1786996024
1984911041
1938375940
1863520352
2273173354
1893809194
1591710591
1937081464
1747126711
1990978595
1984105707
1881341511
1987898537
2185511700
1795321675
1876895202
2053180437
1750349224
1852445145
1853237245
1776440115
2268994590
1869615717
2085931962
1917177895
1984925023
1989049375
1887724290
1987103547
1970239225
1747383061
2139449443
1823941651
2238736124
1834572312
2362388494
1885682204
1905980023
2254838600
1923974825
1193382507
1851490261
1744361825
1726426884
2027061150
1891709977
1884129934
2303500174
2299761863
1551360030
2377423121
1923044465
1912363071
2544243670
1752863270
1842694787
1035969924
1960131082
2005718093
1966732220
1557418532
1948625302
1574618515
1190955785
1798177633
1719824734
1863836614
2029902481
2180139912
2189297712
2255342084
1881840341
2292537564
1283885995
1820796657
1644432073
2248560444
2035243524
2243862774
1995689672
1966010851
1891605744
1990879014
1808114740
2085286705
1804317280
1845860540
2282624244
1450828514
2107779374
1960602900
1774409430
1908498185
1871298220
1253168013
1917228817
2255706173
2120171457
1796051535
1800617632
1801741353
1767753734
1828302843
2304892365
1907953944
2053127014
1887110042
2282849840
1990922335
1962193653
2056954462
2112104435
2041593835
1643386091
1872005590
2000122921
2141870257
1750349184
1851469603
2343577375
2157895497
2243779537
2381448444
1990256921
1925333303
2262491914
1799283897
2155768741
1898371053
2051245734
2062048785
1959108157
2392314354
31906528
2329712973
2234870270
2337734145
1903604847
1861529370
2244257480
2249529381
2180263587
2077484322
2210626441
1429514633
2011125877
1752165654
1953811640
2187964345
2013891330
2287601345
2054255411
2131623401
2268249764
1954133711
2037328851
1796000815
1834666101
1996672293
1944718122
1873255130
1944784390
1916726227
2158913031
1893507973
2160857357
1727733472
1792292164
2033209222
1885451373
1959874302
1833392682
2012885463
1634085471
1785319611
1649385841
1904296691
1889331627
2013744942
1796047523
1879133713
1851511871
1668616402
1900875357
1777945943
1839122422
1894576735
1881164607
1879138057
1880965861
1886692990
1852093211
1866618705
1847983267
1707409324
1796023773
1248775873
1644033640
1659679031
1598373703
1782869155
1728963285
2006361160
1265998927
2122506831
2307576381
1509674663
1841671207
1834783273
2097451517
1929496477
1836193050
2011075862
1638629382
1882456260
1657236125
1924437171
1308564490
1923969675
1702896953
1872807080
2421934205
1686546714
1729669242
1235572171
1672283232
1897245262
1702883112
2273322443
2049439972
2455659872
2088512070
2168499337
1496814565
1675517693
1680527534
2329964632
2014483593
2035413034
1789488744
1970873517
1680471710
1721863722
1610356014
1912416573
1731007220
2373982243
1665450974
1900661044
2456245744
1838672663
1712356403
1725935134
2285878465
1798684292
1750759322
1732802301
1960571025
1924842983
2148641774
1768025224
1985718213
1662229842
1295185044
1849791654
2373862012
2163411542
2126282035
1872022921
1907083277
1933068471
2097297631
2316545442
1919324857
1864419143
2175540040
1070703183
2026780530
2367262692
1709951635
1717833412
1911630795
1898114257
2477250023
2106767010
1788128381
1885526113
1970150825
1774215272
2414380224
1644358851
2029700693
1750353914
2165680321
1317589545
1846823503
1931078454
1891053514
1913366611
1885319667
2049018647
2294868264
2417560735
1750357954
1883631437
1840551510
2189095852
2121407037
1642471680
1698857957
1913965222
1885093785
1926786203
2010827813
1691565517
1746687693
2523970292
2371002625
2411534462
2551964902
2130188061
2130530335
2200201540
1886373231
1923817625
2092372651
1974576991
1784311700
2504317264
2497965312
1710226151
2504305644
1937970942
2453182861
2420938801
1775445160
1805420500
1900972027
2282314634
2271286521
2267702905
2320043504
1842759001
1917085564
2219513610
2049413844
1651831212
1956484132
2194089313
2235120314
1820687133
1670377837
1807689562
1845521082
2041405051
1903041772
2233610780
1294472663
2087736723
1885306524
1284679344
2035785853
1864877712
1761619611
2216986347
2028613073
1723246851
1864086610
2492447450
1647688972
2106203293
1722024371
1912917955
2034671284
2338215387
2204385187
1526825841
1834538091
1765982342
2364499202
1789941610
2428943841
2261052032
1665253237
2366048244
1912999197
1924558143
1698798323
1727747885
1747756480
2182245442
1904226702
1774173652
1906124001
1820404265
1728459714
1918960820
1803522015
1196840812
2246161880
1841020871
1797140201
1918998020
1774328223
1358868582
1714269484
2304217831
1900116731
2040886247
1912341575
2064511863
1925850177
1866459663
1927630692
1934336047
2194342690
1767809875
1780658583
1928546403
2172078520
2431602362
2085090365
1711815622
2190132000
1891751337
2140168581
2246012062
1721897775
1686300787
1872804164
1949552174
1993494524
2260213777
1882800210
1763437622
1999138387
2030934575
1965466895
2173400500
1605622705
2054036183
2102210012
2490974504
1859343542
2051258110
1717722364
2504336032
1714291995
1906917192
2005817001
1934163567
1841553617
2014818043
2189070584
2075072430
2142144061
1864018954
1841546367
2136715995
2504327952
2202715003
1870506464
1901329473
1341255660
1700018917
1925349851
2266457181
1862458350
2129598431
2218362180
1868223282
1805418935
1532691613
2402710967
1685008881
2184107723
1814674514
1841190425
2155247522
2167453773
2427291353
2146644797
1783932330
1657212230
2255162034
1720984277
1779679937
1689626684
1841482643
2473893520
1980953195
2487224093
2296408322
1808337527
1678869247
2188585850
2332793327
1938346404
1771698412
1723321694
2232186594
2188703737
1964835887
1338995131
1844264554
1866206134
2208257792
2450951661
1968693427
1700809742
2143327294
2127520401
1667607765
1803831703
1605963913
2173353575
1899819193
1760662321
1907144357
2390394834
2359038507
1925072341
1975539461
2505171780
2053479925
1750355152
1914189665
2209649505
2505122564
2163706550
2425509614
2162766014
1902657604
1823656731
2198598670
1960406565
1916675881
2154787482
2318275407
1881106773
2105954591
1711827023
1330460393
2504347452
2085272935
1885351987
1871611103
1771654052
1617416704
2008760304
1985676873
1836204153
2335668333
1941607645
1325605341
1973967044
2416644385
1964256385
2073724817
1655826502
1286293754
2133073422
2196923633
2268674490
2436621591
2082247790
1829078714
1963140261
1937972502
1962962065
1788847955
2300169354
2001938111
2273348065
1742694343
2057750191
1848050371
2473439480
1966047240
2207525560
2185708950
1644251735
2210082920
2248874320
1678192410
1791523204
1906098155
2165625325
2125390597
2072579737
1984879337
2142239231
1864076032
1911114650
2168502625
1760804327
1646047690
2387138567
1703349132
1631226522
2384646635
1479040710
1688864597
1948870512
2313009930
1979940183
2208110315
1072578437
1829311047
2270754424
2254870457
2184061824
1738367847
1892412215
1752064977
1727873790
1917041810
1982817705
1869773711
2011890074
2068724313
2155362204
2236757183
2050449727
2004436677
2003755017
1727386613
1751579915
2243575690
2250172241
2174236831
1959182407
2258938647
2230427171
1990118557
1177945300
1880857641
2096669755
1623340585
1828992432
2213700800
1928451480
2005288605
2002859901
1991440550
2029612534
1665697123
2158385201
1740681604
2115216214
2144180455
1863946102
1980729107
1998139025
1958775554
1996650633
1911479182
2014020145
1924652551
2049506262
1999360547
1612828693
1886177022
2015183271
1685715705
1937219543
1892795862
1906756643
1904969391
1914219633
1829271794
1829234430
1798253383
1708747560
1884256867
1841831171
1886164594
1193432203
1864489535
1834777137
1841837635
1842714181
1717658341
1750359574
1750355164
1644049173
1682710152
1632215750
1644869215
2034921382
1945170232
1649738070
1654815470
1840271251
1917323193
1971933781
1798570034
1890324953
2316796262
1780801967
1893967191
1762157891
1391486805
1590780643
1913979272
1806165810
1809013911
1873927970
1766752597
1743888250
1641561812
1937915462
1345278765
1798372422
1423588785
1785051807
1646512101
2349987947
2287707595
1884703150
1846128547
1740557654
1575527140
1574258007
1871814464
1915044952
1856446532
1723129462
1883240380
1399746707
1598786287
2457377050
1845643654
1738795524
2284072362
1969673990
2014007074
1411163204
2292793761
1798653494
1682742555
1747522104
2101763120
1642030665
1762211555
1685284013
2463931383
2108018562
2196602367
1655279323
2155159645
1819946343
1648979923
1970159647
1941403060
1842615533
2392759000
1964168561
1924389865
2039541737
2045624511
1626045813
1617262920
1733400480
1964942025
1507368160
1961226873
1932642635
1697601814
1889576634
1938850033
1960785875
1778813195
1855514017
1986924041
1796087453
2013741530
1877576131
2181014631
2397327294
1796894665
1677311094
2397082192
2034466764
1789272910
1746543527
1677991972
1426168395
1959278670
1793270647
1735937570
2084761115
2214367002
1774181624
2203818090
2366192250
1764647261
1038596435
2084696327
2128950125
1700535064
2300279655
1733770770
2155318170
1942763107
2188773362
1974390100
1760543535
1822945824
2511527114
2406456093
1288429914
2218745185
2010817830
1862417074
2330165102
1908653214
1968407017
2262362475
1740381047
1880922220
1842312240
1748997130
2347949271
1862743724
1883699034
2258237582
1764551190
1841678633
1838722690
1343692175
2175686497
1960632573
1772190660
1736270740
1748887403
1578740773
1998717197
2164215112
2156529367
1614857442
1762583197
1748629423
2261845953
1744739162
1897221442
1747742091
2282286294
1301904252
1897851032
1617041983
1803871354
1852017973
1897697304
1972079552
2231954521
1704819467
1910030162
1905440992
1058540315
1279746217
2016096731
1627616171
1836175780
1969054465
1678758111
1943232645
1711530911
1991123083
1719745047
1796385393
2188769544
1289322393
1968821615
2254163464
1959574931
1846217753
2177061691
2090592404
1746072563
2431266915
2205454184
1834095441
1396812534
1979352833
1739964112
1891758914
2359197232
1294185634
2303952725
1959651357
2264632344
2316031107
1757393915
1446170155
1981943420
2082272933
1906528235
2526177272
1894457321
1903123220
2298832721
2287884333
2437438311
1830136467
1805056972
1938189927
1958631354
2245013687
1953287051
1908930342
1838066011
2142832243
1627748911
2241525434
1665553615
1864204590
1771663177
2535839870
2010899663
1910771034
2520280510
1770336695
1920733003
2345091523
1785777265
2114894732
1707518260
1915921563
2173643410
1967053592
2112023287
1960946413
1686712367
1896993460
1765858497
1913955284
2117783351
1896006970
2297027010
1935455063
1957285594
1877632697
2029794683
1862987045
1767929640
1625354237
1688684322
1769099864
2427798474
1907312835
2150974854
2025000931
2292658987
1706991871
2571393082
1800374704
2043351562
2218126807
2182756935
1496862982
1734252941
2173560092
1733406605
2534421302
2049164894
2534357410
2130894845
1735783521
2010349352
1365203955
2534166194
2054642873
1911957147
1852516935
1658156700
1905690557
2360840401
2217106561
1899399282
2026211777
2026649215
1673457053
1939214644
1869243382
1738138637
2360876211
2361547407
1899217343
2141342965
1974574845
1666292917
2162528012
1807930224
1718981051
2361042915
1802403867
1297954675
2458705314
1672395964
2135190395
1865174031
1870389403
1987938775
1988520553
2465205922
1912992543
1665056143
2166404185
1316334421
2414865781
1842286400
2166749552
1302285807
2077346664
2301941954
2175148224
1684468740
1914203377
1882841850
2240146200
2312060265
1748969613
1803727103
2176486960
1981819331
1913142750
1935923072
1863751695
2055102143
1712155722
1970480461
1958207573
2146564123
1984543104
1968704077
2261397964
1867303700
2081676895
2124318930
1961452937
2054998561
2129211992
2162400182
2425221292
1894633541
2183423275
2270858013
2388230995
1953862731
2465186845
1957201342
2191959431
2189840690
1715620421
1806631065
2039335781
1886025154
1916206661
1315584647
1271913280
1924697567
1936285750
2460415084
2231343292
2183563027
1768183832
1958945441
1198502384
2460409502
2049860675
2373407302
1773339385
1863485204
1933472332
1919832821
1771350663
1633756740
1962008963
1928744817
2053113562
2364548330
1700827801
2193906257
1688921394
2462235700
1819568521
2274417044
1625923634
1832853367
1888269755
2167083733
1912450064
1596420653
2239375024
2274557072
1856316354
2272592564
1847216741
2398451831
2299245412
2003268563
2171959910
1710528544
2461049402
2018399574
2408165300
1821341255
1999951853
1829586830
2217125301
2171757642
2449960611
1786907401
1969583200
1750261514
2216813322
1667565177
2254357172
2213762234
1766135280
2217788674
2004846987
1778751523
2169685947
1894621445
1968301857
2120424374
2145620433
2113952724
1027754843
1705137997
2174876560
2142200563
2462760810
1904118075
1421886407
1731579185
2168986445
2287769755
2195091563
1567893650
1765118583
1918393994
1919314281
1911532877
1807198473
2357626515
2174274660
2331209415
1823906173
1983842035
1969985831
2123185060
2245293365
1982604533
2297182214
1479400542
2178300982
2367384894
2051714804
1760622651
1988821995
1873771332
2106814244
1908471897
1311971362
2321628115
2321617551
2321601455
2321033843
2188709043
1872386961
1777281991
1982019325
1957503924
2016048975
2180848342
1893750364
1893697342
1976287337
1819719283
1917337302
2115746662
2207237417
1865694645
2169126751
1722740754
2131498085
1999490015
1872232702
1130745995
1847104711
1785733203
2213709850
1918034820
2138938827
1957418072
1881893563
1879807672
1863931504
1974499261
1585891744
1842288761
2092963973
1378121667
1839204361
2031498343
1841820775
1681822695
1304459923
1815600574
1987717321
2053149292
2053090391
2013244234
1932404597
1325937870
1848176923
1999966557
1837379507
1837540520
1716251651
1912247052
1854472273
1916861575
1818087960
1764533960
1882851044
1857503134
1845627555
1869289444
1838816077
1841903334
1769672283
1845598193
1798160003
1800268867
1751570700
1744441411
1685336044
1262799724
1909640362
1661989030
2474171747
1661897173
1662212643
1866571960
2105213367
1845864154
1831841810
1904273867
2096644881
1718609425
1736039387
1769684987
1660282297
2424618195
2022529214
1663092810
1908194624
2504919714
1731990857
2386345622
2032621743
2135525512
1642632622
1197324855
1912097797
1497415677
2173139424
1789077731
2017142705
1649392567
2275035487
2283531670
1299654943
1735950160
1925964485
2316223110
1605690860
1884436443
1988186095
1912404714
1839141923
1956937324
2171174110
1906167190
1916653155
1883773693
2321759214
2027679957
1314451993
1881062327
1431308884
1854990771
1982293130
1921947410
1642266695
1802085003
1916936813
2493639840
1866111872
2269599497
1670168820
1911409444
2014219420
1786092871
2178460774
2086711601
2283496711
1899952831
1940330010
1972121312
2154917102
1683631670
1884837211
1935648023
1982251872
1622019714
2332699831
2354682614
1360958642
2133285980
2191064654
2018252401
1993801063
2017165605
2142651671
2176302311
1890997022
1830192493
1905174860
1910421460
1663008254
2374392905
1920159393
1887718131
1612741664
1852643283
1829496275
1917054670
2207212393
1851747155
1852638837
1930847650
1729870604
2159765687
1919153485
1734502471
1933498127
1798183837
1871572465
1841763922
1841583005
1642276411
1687078310
1848000362
1713053037
1589353923
2010666107
1949868092
1368805177
1768384532
1752232334
1983711495
1439857834
1723844811
1801817195
1686808263
1791258832
1644284091
1625049241
1726292907
1748653617
1752162633
1656583623
1326410461
2430996325
1902215164
2049357192
1653179010
1260407871
1968474095
1689980344
2142913853
2038532373
1798920157
2160899353
1893786465
1984563793
1704185933
1819068931
1799755484
2005473670
1834825605
2153117015
1791298665
1788500327
1807058715
2098253260
1786873284
1967934883
1765670085
2002071247
2004370754
1912968885
1605583441
1698187037
1919224827
2312075675
2141223287
1956660702
1774006332
1663778753
2301177083
2099323831
1764098435
1990321155
1812528477
1822917583
2072202831
2524600652
1840080763
2482450520
2072444147
2079838093
1780838631
1974408247
1797647811
2343892595
2511394680
1949449460
1762279597
1775632647
2040676784
2381559310
2319210220
1891105811
2170933035
1926113237
1681333431
2084801855
1747453741
2013646312
2477694912
2037193227
1835473531
2255377592
2323134751
1949484540
1649297500
1700063183
1688904612
1879011762
2275132651
1752008764
1851762715
1888475033
1981913050
1687332200
1983655155
1646735562
2280138304
1841052951
2195692981
1618394574
2243020673
1282058657
2167758861
1895729524
2409770837
2310998524
1660574373
2216849147
2041593395
1948268412
2097298445
2138765691
2110106945
1738015817
1984511222
2328583521
1862560175
1893453395
2049949994
1895860782
2216775234
1764196442
1793559374
1649316203
2410211575
1717802810
1932769957
1907496835
1677722991
1579322204
1942854260
1915726614
2095452301
1689588140
1733583753
1390441125
1919027297
1964974601
1912091737
1935633087
1805689574
1770998354
1723131781
1793562832
2183616320
1821899811
2188700593
1819953811
2108412163
1851917995
2373070133
1409416544
1604263821
2499658127
1912912325
2312218165
1688815431
2298924697
2031204851
2337689855
1397614423
1734995435
1856623904
2206167444
2273447095
2075450763
2142834107
2247760403
1261210264
1797317012
2022186112
1764676981
1952262350
1763438202
2156712115
2092212743
2164126792
1962559933
1641533697
2133180774
1947001477
2338022080
1934552910
2108248283
1872168934
2441109093
1890475650
1367011851
2168997582
1625232640
2485585653
1718493627
1836275537
2010201651
1712775210
2044811375
2408237433
1403842922
1412215744
2335356741
1779840523
2170487697
1911356333
2049058461
2196419221
2402530741
1829285641
1803817353
2135483071
2140522727
1678022167
2135692901
1663102167
2283014307
1805541073
2298657893
1640027783
1303000262
1962555671
2496601340
2072514093
1752637081
2496587432
2281902635
1996788783
2149803785
1792092890
2337520403
1806674863
1846796985
1649144154
1852647735
2086699705
2217364423
1795104884
2349816133
2260765355
2152386214
1899570281
2166112630
2359108932
1194027822
1679302004
1777264815
1748775863
2173823132
2285328403
1727346080
2064170895
1925644932
1841794017
1659605684
1929841115
1887243362
1876766064
1672594834
1848441037
1894790625
1990307313
1990009930
1743841827
1939237952
1945087734
2036618673
2119648442
1977757041
2107088384
1831510380
1917449970
1887228132
1685232792
1987622977
1852657755
1728967115
1627632027
1887216744
1893577061
1935626537
1883429881
1848006435
1846037952
1847628540
1712870743
1702832707
2037352181
2017506107
1750043287
1738690784
1728885872
1575734183
1498228941
1837400744
1781448760
1444363925
2305840117
1990516164
1649173367
2154274767
1900020007
1642590315
1223849864
1771302833
1872666854
1658704130
1858123212
1668662863
1646080864
1707093584
2216386920
1907793485
2370374565
2121006422
1912365475
1711477847
1706406001
1649873781
2535760180
2165835750
1664208502
1642591945
1985044627
1907066485
1725942280
2309289433
1272740494
1644225642
1870415713
1871555124
1283367840
2483452143
1650498894
1803278013
1764382092
2359945444
2358587282
1997342595
2505702830
1916885481
2004804623
1763607540
2072631987
1940219312
2534669554
1743868312
2073306841
1231739162
1829828781
1970117525
1498347172
1823184085
1624374424
1927740905
1883184762
1663884750
2510163084
1787378042
2202165487
1758950483
2443417953
1772345300
2426023053
2361849117
1769036392
2302002710
1597851211
2000089805
1765054025
2482336922
1914207943
1911422382
1908777915
2301202137
2246497303
1642642731
1776666537
1060674484
1841045117
1829777271
2142210243
1197002973
1837498771
1916844415
1735897457
1623450294
1734584945
1773398994
1644739071
2392151570
1929878975
1252515843
2169220583
1870122061
2184051610
2337063047
1752640191
2273938995
1639504220
1882362722
1689741762
2012894570
1363182344
1916631841
1960174382
2266137860
1804565432
1832007107
2276593134
2312759684
1982666503
2185742934
1907390874
1981223905
1972029293
1749933244
2337182103
2343651831
2184983660
2131245920
2540047732
1796794241
1881159471
2085005317
1734709687
2349879661
1966854152
1265122813
1684086165
1589367213
1856794424
1702593504
2160971473
2128128813
2191317421
2167903055
1980774885
2165936572
1366798150
1892654683
1898847365
1717081277
2374599097
1883066041
1710053565
2412151643
2188420823
2322866840
1831450480
1934304167
1940038860
1957151472
1300237634
1889704104
1974978617
1821861661
1930916247
1610426767
2292589081
2093225852
1670494780
1883895635
1795324522
1689230501
1916640241
1891088771
2184288673
2133157801
1801898673
1774512883
1840380571
2286118555
2145430377
2026809724
1828233384
1890161701
1827709373
2135717501
1828583765
1973978460
2054278787
1742278305
1864155492
1770692527
1748970784
1702564652
1723758224
1740334623
1938523582
1666031853
1068246700
1644489953
1733642720
1634118445
1036397647
1672238845
1769868781
1765945972
1989623247
1933626242
1526829773
1801464250
1752631354
1290099433
1197002213
1216431741
1844986031
1645578093
2473717422
1747498221
1761718657
1902078380
2441645921
1974825273
1792395267
1899950161
1798754944
2017766135
1704562932
1450771683
1641532820
1682207150
1938870951
1878852290
2345247732
2406277547
1957636780
1892252460
2463490977
2337788474
2054900587
1750349220
1750358970
1664706492
2377309894
1639498782
1653460650
2073868637
1962117985
2118205862
1750354480
2115259662
2253751750
2335707673
1820079133
2501690425
1899397354
1747396105
1904149235
2243785533
2285526053
1715682347
1666042227
1917549662
2523376780
2543167654
1750358010
2057611261
1315590387
2359529957
2284843623
1734878455
1769196315
2001154905
1991114285
2393272362
1949070272
1799846410
1976376893
1926105135
2128213473
1785235702
2196142717
2395305920
2271741925
1686708701
2101331885
1809032540
1966015251
1916703863
1987019537
2540510052
1865586010
2027761203
2476218734
2188202475
2091542680
2025221163
1664080805
2144450031
1245192827
1751308137
2315534114
1752188262
2193946171
2540099870
1923011307
1752141197
1881371642
1851504631
2147207254
1678882014
1798677792
1768578257
1847219353
2095015391
1809644560
1927232357
1658153822
1931219195
2285465221
1577499801
1908750190
2287981015
1888465075
2171640834
1989723775
1925751434
2142555037
2080682953
2142117483
2005047871
2423658191
1658032964
2081726713
2105688413
1736751645
2176758992
2292941781
2070932104
1905500380
2028298504
2025374473
2509452632
1803532372
1859960232
2178863065
1898356307
2207372183
2120360573
2175435283
2206792683
1844967414
1886787315
1820613302
2163989072
2177341371
1900696085
2427997865
2178358340
2230255883
1610722415
1058354611
2248449241
1968539703
2278748614
2477403652
2101281664
2385122853
2144647657
1866755022
2405854383
2120321924
1723044714
1830136671
2375401160
2375467934
2375463640
2375390882
2375388382
2375455332
2013120783
2049547064
2255933051
1796385483
2304064131
1668850601
1936819015
2246472022
1663021987
1869865307
1912473783
2164340940
1851389874
1632707757
1862954564
2214037270
1925444863
1772391590
1967900783
2020905213
1887055124
1765298563
1793334507
1864488684
1864491024
1864150404
1835294474
1835289542
1742505657
1681030235
1661378167
1288071281
1775013573
1853148463
1803673940
1891631463
2031261461
1653652125
1792427761
2497121184
1768244013
1959543133
1978093697
1903552464
1181831395
2291801993
1786071043
1852324197
1887234614
1912403500
2208273904
2001335063
1885624052
1828852617
2177352637
1498760141
1904200925
2039296051
2490849895
1706637790
1464731170
1252519323
1790555853
2453886332
1949326152
2263264370
1872697370
1250081725
1752825075
1781934062
1922607521
1906022133
1799032577
1835329250
1934777307
2422119614
2281326917
2009066303
2190267712
1867637725
2414260470
2166806522
1905647291
2414094382
1851878435
2286385060
1841527477
2132101355
1304515015
1884561105
1809485094
1906028617
1906017933
1762619225
1900482084
1805403774
2119931065
2477631180
2026766864
1730351530
1132255872
1728851592
1700315953
1271117800
1854570915
1700720163
1893761531
2371258870
2082787833
1308708761
1711465007
1827114100
1899227237
1931238691
1252512150
2136358530
1497252243
1916644545
2052803095
1990101450
1683936900
1930003753
1787492585
1940267730
2548039172
1975608543
1577736997
1785671714
1684836114
1878169763
2176724373
1721205682
1936015430
1730086147
2297043083
1666000180
2359224985
1912940147
1924162133
1676976974
1960084135
2185323034
2268585405
2122523615
2154636164
2143602705
1853408950
1655881214
1688152161
1309257717
1198183614
2419152120
1747010580
2029481187
2011075080
2133616063
1660529411
1730369420
2146940171
2202568683
1922328587
2364504472
1135987804
2519829830
1822511310
1984847913
1270464332
2209331321
2362268012
2431061305
1801723137
2413713474
2265746573
2341867334
1750353744
2156994945
1779180395
1911132352
2054903045
2286386250
1920613342
1614129515
1497654553
1768233450
2282032287
1516632255
1926147845
1999332037
1880982630
1192292855
1277536321
1845739603
2181102293
1370958753
1683481020
1698601627
1854124513
1771105073
2241909662
1890959044
1667867811
2208130591
2118120483
1864221045
2573976770
1676223967
1685189815
1707409492
2403948523
2432942281
1924461133
2540229792
1559218832
2050435213
1496824247
2014143381
1304559303
1288056483
2294391590
1949858664
2284608614
1940031873
1617762312
1665999267
2322108654
1684041120
2158859701
1881926474
1898008804
2001828895
1888595023
1765900747
2140976801
1768470921
1863278281
1879719371
1780567820
1867016247
1975038782
1752628917
2150808795
2178890740
1968072987
2158042263
1048208981
2155253635
2128091103
1889339641
2244375773
2242027970
1904742003
2012820822
2026944071
1751756141
1725704801
1751779975
1812596642
1686231113
1841265793
1812563967
1849046620
1708738247
1666429070
1751781501
1751705673
1671384402
1661707193
2286908003
2539877910
1880052225
1887869457
2367349070
1653944045
2053148147
1243578692
1998858463
2044199023
1930007441
2118159450
2319188935
1893437153
2275345674
1886616194
1617235204
1615699711
1886629672
2044554755
2091945350
2260680691
2362620224
2101711022
1893690575
1820652667
2015533077
1873349881
1886425117
1834521211
1646023685
1749851761
1774266867
1390407947
2156245414
2143924973
1916702641
1710351462
1988922887
2138877405
2528247840
1823859411
1752005881
1887449931
2283546442
2188760497
1731143002
2317953095
1627088002
2416898693
2392283914
1779119611
1571974952
2080720495
1889606432
2279270511
2216531530
2164215754
1670695943
1861954102
1883388175
1880246825
1765896480
1214757140
2312042755
1925462943
1770787731
1769110885
1644510497
1732480923
1815828187
1897451460
1771306913
2420785470
1723190230
2001073067
2165701791
1974220141
1898885525
1948803674
2184090763
2304134655
1962127671
1785790081
1191965271
1654737895
2475397224
1675646200
1881174107
1686524193
2105299172
1863049547
2093966733
1772190152
1232121710
1518966617
1782415244
1708288824
1839256234
1915671961
1915336055
1872706881
1729620340
1846559385
1403611582
1752180247
1962525135
2473899560
1686524201
1506142182
2022171303
1774057271
1796892083
1846580741
2135380372
1778803085
2450283367
1796951827
1993516374
1891330474
2375086267
1795074330
2511378830
1800805931
1642257857
1195397063
1192283562
1893278624
2165632422
1644119190
1700582867
2203321010
1735664613
2040863197
2167370650
2409354892
1871795861
1655318404
1816857971
1700087532
1803373067
2189191601
1881519164
1676416442
1912418133
2282066074
1757018131
2274567792
1737387620
1787420505
2129452154
1787857794
1925610851
1916733321
2172449253
1645773865
1641245030
1232650200
2425315932
1919729600
1665696573
1905628462
2187584504
1615813834
1575555751
2177890963
1839595200
2194554603
1999715417
2211742187
1668229432
1848317585
2245536934
2416832460
1536896714
2017256081
1658402750
2345964641
1888379125
1913382117
1385795453
2188720383
1833744690
1752231637
1407445850
2205044001
1981653361
1674154994
2081940133
2306919341
1888445211
2193460521
2432128507
1789594967
1998796603
2392902704
1738176542
2060420737
1676868042
2043613754
2165604144
2129202932
2005837527
1917644003
1223990317
1895096900
2356115120
2219266972
1976477415
1889400290
1689474774
1957145712
1703540563
1557605344
1798755247
2457533607
1913924953
2011445377
1497433523
2197747120
1841589395
1918163257
1921307141
1951257294
2496684731
2231553032
2394420684
1719140934
2296479735
1828531157
1132428807
1750353854
2216780102
1870405761
1914568752
2297008700
1905025813
1894378995
2322060921
2074478937
1698784044
2305031354
2274500457
2072813035
1909467284
1225772852
1070483162
1808186862
1672303501
2178441400
1820583933
1922313440
1845040793
1691007117
1741969063
1809631210
1419645071
2436478255
1751658260
1896628272
1365670785
2002097963
2513266170
2097176844
2139496151
1970833007
2271287697
1841812881
1717840181
2348915124
1654147167
1667911443
2458393965
1925191552
1755386293
2042019413
1944902604
1363504970
1840296191
1958359845
1687036732
1967618815
2400103304
1729036804
2272984982
2006984475
1796125385
2138964534
1698384602
1891988463
2368702900
1193525177
1970890085
2074190107
2140760321
1718950972
1852606873
2001396105
1905966364
1801011541
2003802495
1961012483
1930217094
2037303757
1686517610
2416834893
1735069645
1303635797
2367202524
2099202955
2365209974
2536234622
1096016145
1748898540
1678808364
2283656123
2246461710
1760788060
2079330645
1803310643
1974518422
2431060604
1059327782
1871478621
2384078250
2409910187
2108053230
1893578320
1719222901
1891600112
1883007604
1968549681
1887249944
1893470332
2037579615
2284479744
1740312984
1923009100
1774560867
1740302411
2404738537
2417316177
2085455051
2484991755
1876720887
1972150152
1723067223
1232221900
2034400690
2241426134
1984546503
2266178740
1844293302
1918744745
1250530627
2346437860
2192543690
1873790274
1758033745
2426855355
1827681963
1839093910
1966035492
1854454115
2401057050
1048072357
1645758453
1921018763
2507462832
1645993831
1246499892
1980809525
1403259231
1899700811
2299849840
2154778830
1305954567
1359179855
1841515721
1824468330
2429341014
1890739410
2106836032
1782447061
1728095304
1971925837
2048078270
2324832692
2129239474
1704145940
2013046764
2339326615
2216791820
1750349294
2192170917
2407541382
1902799305
1943144764
2232451505
2424649095
2004474497
1980941185
1905290441
1932292052
1902826543
2510959054
1895312164
1678512213
1894345045
2207680570
1750358962
1750353820
1855824555
2142213103
1900739437
1871063673
1964059793
2162415654
1732917234
1567645755
1488012401
1899910385
1909639744
1733724377
2136676950
2312324644
2451084234
1940844934
1900776183
2126033415
2012797090
2342632515
1796826513
1932461307
1918504632
1145948547
1729033830
2002063821
2436538231
1909053222
1936479891
1218868254
2534898042
1926079932
1829483361
1400683757
1784418131
2040160625
1768539647
2003330671
1703691672
2157022893
2291778441
2009837887
1723321133
2030916621
1771309227
1731766300
2453697157
2139034843
1348196721
2130145131
2245390791
1977370742
2481265575
1822156303
2358676132
1943090484
1912825095
1948594792
1680854675
1271628375
1609737731
1625220005
1828796947
2088284733
2011657303
2203170122
1417879645
2093012983
2273151825
2465568263
2362872187
1964024867
1916766923
2100422501
1892514393
2107643087
2000426655
2189846894
2452300187
1705960043
1842668771
2404992465
2133936350
2319088281
1917062260
2282957353
1742968055
1986394761
1751306984
1872878753
1850605492
1916895107
2213008265
1859550620
1916075454
2160025420
2131761502
2426510165
2239118423
2330217100
1704163797
2136062942
1974383180
1802472620
1869212812
2179302065
1739790885
1809070404
1723791190
1902828583
1277590275
1570627725
2424705830
2107106455
1905395191
1905025661
1963061957
1888018193
1664234624
2284971217
1905034157
1961284872
2171464835
2239341702
1867290232
2249571733
1717617800
1587669435
2281803903
1748891140
1877276547
1912183441
1799555450
1883918110
1714305044
2268134533
2141187195
1971669752
2075127575
2105168621
1293974230
2141325771
1628915585
1095391641
1911460855
1725777252
1924986403
2187326501
2056313222
2213671010
2213698440
1663634322
1899911892
2077379447
1812764744
1866394303
2139022991
1716194747
1912250224
1791263325
1985676105
2095226167
2120024382
1891494607
1714346023
1904953111
1897577797
1740659951
1977218563
2052949461
2056240544
2047725450
1970299625
2044987121
2029813727
1789639407
2038602907
1841497377
1658575447
1841426283
1925569997
1941768810
1906246841
1977385884
1845976900
1852704897
1933183385
1841732761
1935148401
1451562665
1851717843
1846573721
1852601823
1819693993
1815732141
1750401645
1883449612
1864005194
1839080862
1864053224
1852591227
1852641375
1852451355
1842247440
1842617815
1736608957
1650709382
1750413677
2000021641
1684878542
1729454332
1661704683
2030160483
1962972693
1618051664
1917971952
1926665414
1682200401
2382970177
2036849835
1016678575
1571544244
1663073073
2266510812
1309504203
2189403362
2032777374
1699061851
1700867777
1664971205
1952558485
1737349747
1672636564
2034491062
2152246714
2011571083
1686295574
1801573534
1769103494
2384390871
2201875260
2419655455
1746785224
1747099930
2182763111
1551299007
1231759973
2010850633
1393100891
1830143267
2255199741
2153122444
1899058774
1732419200
1354662744
1727472420
1435797381
1536123250
2076914215
1507206115
1627964845
2359521914
1773534952
1865504713
2010807552
1830644114
1098652275
1705308772
2147108082
1708813312
1921218535
1917643497
1699685662
2090185287
1750715102
1306731842
1834284097
2081474535
2150766094
2346031615
1647255877
1846971955
2426711940
1753234175
1905859287
2187543512
1580217973
1436891042
2172517913
1911647512
1560840245
2242275071
2191133994
2146936425
2113080560
2162189230
1898311272
2318716961
1670366524
1706463014
1779019485
2388157744
1986544897
1968675485
2032821720
1973818413
1715636263
1744713445
2240165110
1866938703
2412780427
2435469503
2396746404
1653481343
2281959142
1863933484
1686824184
1863992384
1507921471
1844897863
2268306240
1839574411
2101819342
2072878501
1722057601
2426587101
1749863802
1763428724
2191880203
1910827507
1874423035
1658163051
1349693632
1865950874
2013130293
1819431751
2216530507
1297781307
2509299540
2178994292
1841732671
1823997582
1978536500
2107102190
2033858900
1769115645
2162167430
1856663301
1925106492
1750359554
2043850007
2205278902
2370076861
1821753483
2109032945
1647847977
2552413454
1944530642
1916909674
1681403502
1941424392
1872922667
2246742172
1980782277
1970333572
2272603077
2081671435
1809379057
2304330793
2147219395
1943354917
2400371814
1873366604
1405622154
2019063103
2034206290
2175768001
2527310462
2360775230
1923193062
1894062085
2119403112
1913896345
1889449861
1944878692
2484871353
2283830632
1989054495
2120031351
1714318077
2338933643
2219280924
1810557824
1988905154
2012624990
1711273162
1674147790
2203618304
2049306374
2108939351
1985960571
2468680263
1725855961
1984535513
2321473702
2492279442
2370964771
1523383717
2482209523
2207458103
2105251230
1769398180
1852673821
2076635485
2131410367
1874297853
2319845273
1675478780
2177810835
2164409684
1812031854
1921330157
2496617382
1325640122
1993427712
1879171703
1945336457
1936225851
1880882553
1999665055
2102137487
2164395054
1929081121
1864074732
1687390572
1968774597
1841712993
2189264755
1815538334
2093064587
2020708477
1732526274
1841718931
2244072154
2015002567
1713650095
1921089241
1909104411
2156961484
2205774752
1808308552
1768275435
2139608833
1707706670
1631180077
1621690437
1173852061
2019068603
1800814487
1681567162
1969182542
1972701735
1841728395
1841694223
1852653333
1867268925
1841730625
1841696603
1841742175
1796020821
1699309563
1750353874
1649019113
2056313330
1405707083
1733950851
2268168255
1798929231
1881190517
1740646547
1714246711
1803608792
1768662232
1786938011
2349865930
1852092822
2453615684
1862342672
1819692773
2128622275
1802270851
1323527941
1880180242
1765870915
2126148371
1681447444
2088547717
1835442541
2233750080
1904840567
1276137110
2218458487
2358702661
2012537981
2315979487
1865403943
1798847184
1707427294
1767967220
1916903860
1914880192
1948744744
2340679962
1893711543
2230631943
2110705772
1728860841
1610362247
1497418417
1901288857
1893801487
1698071992
1729779710
2442140341
2089358175
1899760207
1821898647
2177327782
1750349240
2172209420
1853949425
1281021921
2431328567
1829477861
1843749702
1835478113
2306915241
1914104965
2466967582
1972747043
1911557980
1786957792
1576119407
1879778060
1797392503
1744986201
1654164742
1866511982
1642592432
1762761011
2098255960
1837086667
2376672702
1267527155
1564620440
1750358914
2304130431
1671416800
1922114483
1729080261
2568729724
1906806787
2417571213
2185225640
2109505615
1736305802
1809811951
2035380940
2409386842
2219197185
1909829032
2004497443
1926641510
1752056371
1703395694
2152054607
2153657544
1759091687
1985777822
1884816542
1548048170
1812379667
1962577417
2092951260
1880948203
2152306312
1192119933
1498728367
1880971857
2207739894
1913488062
1960955951
1797246290
2211874783
1802564537
2191375315
1703694051
2121617842
1915096531
1479770140
1887180573
1866456167
2175871647
1943733212
1848643393
1926625082
1961165921
1895432303
1929953497
2016841587
1909321940
2107803213
1959984090
2033885220
1905378965
2249025830
2284414312
2318430407
2407880633
1935496415
1891713495
2253893422
1667867495
1982616323
1891269325
2083265421
1180837771
1886008124
1960433983
1768426235
1986817511
1764600182
1874206080
2012848090
2027354993
1623886424
1866013100
2282175674
2218225217
2249244357
1802274725
2184469250
1981264660
2085964347
1828900221
1882475282
2076226693
1627420735
1925899320
2165330522
1988248042
2574248424
2249293513
2430240723
2465630675
1900512197
2141839957
1497381322
1796739691
1670977042
2417062167
1812483893
1797210863
1764027403
1463549533
2048478841
1976368277
1806159303
2456276920
1865966150
2295270455
1268115113
1802232453
1858734882
1752724344
1656988254
2356745252
1760984195
2403600137
1791435237
2118527402
2198981301
2356896627
2036491922
1928439972
2279845850
1843833473
2035978063
1728944747
1882134400
2083251501
1743259584
2254331614
1977733791
1899983270
2177254503
2419757017
2419095741
2361876433
2286403672
2051653295
2140943990
2189013500
2299758052
2280037164
2095939021
1612172863
1851450787
1322374973
1803718145
1531399423
2000636301
2262880053
2105500654
1852635233
1351858270
2038021315
2171386794
1898285903
1747518363
2293697243
1865438877
1905041561
2097113885
1773745402
1886480531
1927153915
2079017760
1889383457
1912894274
1743895123
1699006180
1899702175
2160306845
1787620542
2093434332
1923118483
1969960237
2143694265
1367270941
1828462017
2105365573
1913400660
1843891215
1727231944
1744287147
1851814447
1698881704
1879910195
1819583375
1851855661
1732979547
1841812157
1745854133
1760967124
1764535903
1663096383
2034992900
2381872931
2167406082
1905734375
1901030622
2106544691
1653689003
1642566747
1675961211
1931775031
1722628512
1011012413
1885770020
2245266941
1233176253
1226411857
2134611573
2087364281
1314608344
2415433831
1601484071
1807656282
1729930211
1640601392
1656737654
2340336264
1685593640
1750553234
1642585887
1638782947
1659756840
2082716003
1654178325
1895863152
2049389352
2332819830
1737737970
1642591402
2049428282
1681029540
1638781994
2156564602
2284248962
1708922835
2097214810
1714145293
1906522585
1989584561
1736329970
1931704477
1497996114
2125244267
1655444627
1684052593
1644114654
1751714412
2013936642
1640337222
2018201374
1760203754
1904947977
1750353780
1642624462
1653472751
1897160994
1046561220
1767957772
1615055180
2251553761
1878335471
2486134071
2256964033
1669036601
1653255165
2202830423
1807621980
1970368131
2183542485
1740522895
2429014690
2165620670
2030254627
1652484947
1841882831
1851059083
1642632024
1900386810
1990437285
1845798785
1750354532
1841523835
1566835402
1880233081
1513934187
1765148101
1900739345
1911570232
1997490715
1436469813
1642634100
1645770900
1249729383
1723841671
1692593513
1947792782
1069205631
2104844584
1225314032
1644291782
1499104401
1084443194
2076752501
1751142291
1841975553
1847123567
1649421340
1792306562
1727396834
1234849602
1774501890
2297016502
1658388624
1268642527
1885789755
1739862400
1569242463
1929638045
1645995375
2100139542
1635064104
1655537257
1883889533
2026953851
1956023895
1880283045
1763327612
1655524143
1502844527
1773014872
1787920531
1726393244
1708907503
1911494725
1622520263
1687742677
2242192604
2159537203
1747104004
1806209492
1364882532
1871059695
1649469284
2097161584
1961011804
1740952902
1883090004
1858313144
1652986661
1692079024
1828822025
1766664505
2409440972
2214193535
1664000191
1451977335
2234977302
1948570992
1896537750
1861833800
2292542125
1669268785
2117703102
1911486290
1911226701
1911530961
2174315414
2191306041
2384195585
2392901800
1494382270
1801553031
1771066792
1672632267
1975957007
1703698040
1971427754
1911225095
2001851851
1689591881
1590751275
2528016600
2185344330
1566530041
1901437747
1904183207
2138763301
2473625364
2138581631
1765621331
1644428797
2405445615
1962138727
1740572117
1741437734
1733592447
2097171820
1829407315
1918939581
1886099274
1650289905
2163997622
1685336690
2043348341
1699432410
1882632930
2404676267
1188028704
2007252861
1879238233
1709002687
1697674224
2550106294
1879620052
2464854821
2097319971
1886003195
2496896830
1857729444
1708676752
2019127011
1859158462
1733601690
2537866860
1599677283
1748909895
1700791013
2214814343
1750455454
2012826870
1615980787
2284519954
1815604260
1843859215
2106309683
2095171942
1914102044
1911448443
2482467952
2473924190
1927951681
2154065944
2156537067
1656033680
2268470132
1809551505
2384146401
2155075804
1938400622
2438737307
1804092330
1863392110
1891503444
1778758223
1612122482
1775895885
1965067255
2255202987
2360372151
1841037557
1856022864
2419119980
1824344982
1912148764
2295355151
2464708095
1779071871
1891273591
1984979551
2216450607
1985290862
2033996453
1729661032
2095551280
1874776830
2318606810
2054997231
1978773841
2152112962
1707541997
2271828794
1717751480
2466393060
2043859233
1806398471
2457653204
1809604810
1769037784
1890982503
2082990260
1700750551
1796497902
1701210897
2173191832
1873931474
1797507374
2051618682
1769239645
2482420122
1928375953
1750401113
1757191951
2297839493
2279545083
1738399605
1804560064
2368789441
1911453297
1902986532
2014052675
1888725725
1797616047
1877524625
1749665397
1913884854
1890750884
1259295385
2402284313
1708254022
1704530324
1960493134
1757583355
1801663151
2206093901
1627426503
2299035734
2171493423
1951884322
1919163305
2567814784
1336593085
2464843717
2107023495
1740567021
1763569030
1625104202
1937676824
2097165760
2285650187
2133366902
1943180394
1807964582
1969860621
2159545987
2090922470
2505071804
2416414454
1916942377
1803537742
1909338340
1660560070
2426319435
2552004820
1883781277
1919946703
2169721973
1653958884
1269769342
2465290225
2212093412
2426306621
1649684227
1905125567
1960611654
1661784855
1996897357
1948997462
1273656690
2406287103
1911197051
2099506207
33360711
2195742302
2266174700
2131760604
1747351514
2188775873
2159065351
1906579697
1966814192
2163329540
1603261095
1966239407
2337405440
1668299323
2107218950
2425903000
2183420480
2463063051
2311280780
1282399253
2051595312
1691507817
2027548275
1839694355
1813810847
1719014980
2094258663
2139657323
2031760143
1899198043
1656587761
1644330853
1899959093
2153294762
1997481325
1969530267
1764451837
1967023650
2038218622
1918663865
2259629581
1901123951
2536089730
2188568697
1930025260
1652475061
1782410921
2318294821
1940305234
2480072672
1941546915
1975995305
1828806317
1775029593
1036281663
2154713300
1949233982
2207047240
2056713651
2552085662
1750354524
2521710914
1776832784
2097591124
2108989215
2168771397
1290826394
2305342927
2097194084
2097471135
1673710403
2068440361
2464503123
2377455613
2034765774
2275799180
1432466912
2035974600
1785231062
1891663427
1964264867
2255907051
1865829377
1891425090
2217872683
1879928635
1611935774
1731215310
2233948473
1728095842
2338759187
2167361754
1822187425
2153624304
2254467943
1820404471
2280787092
1803778555
1921307485
1750406263
2494610160
1930953720
2471643224
1683496147
1731169267
2044525171
2304760611
1736802123
2207028632
1974746671
1778763311
1974500905
1883946033
1964323134
1915125161
2359353693
1441364907
2298988514
1914164570
2308438687
1736523270
2202966210
1757301363
1958251985
1911766625
2361059451
2022364304
2018394570
1905045671
1935636543
2158344003
1841822065
1737943044
2013706120
1496811035
1688504743
2230697840
1958164801
2007837963
2206160080
1978992460
1924115501
2233438121
1975154821
2170980231
2144894477
2031591635
1972754593
1418165693
1991988622
2281283087
2002106013
1263648990
1791795181
1794720225
1828827005
2153153975
1523070830
1959029241
1965931252
1897199797
1771296343
1915402924
1698842752
2156654867
1657072872
1864427073
2039519041
2048068034
1941913822
1742574360
2003858853
1906005517
1969840224
2006994023
1912903463
1865895622
1760651944
1907947932
1961605884
1882701120
1924657927
1911192811
1779124890
1916619035
1863428230
1867864283
1865850443
1881149960
1732926551
1803762392
1738652617
1843838361
1868602975
1841081837
1827308035
1802584227
1260366185
1722545564
1718781655
1750310463
1768248227
1560012772
1733347460
1707088280
1665366460
2188341143
2137704065
1653603955
1684446114
1272741311
1731951527
2085405505
1658712521
1906045594
1838674852
2018749697
1660052670
2313861822
2419188521
2131593523
2248254750
2092582963
1660325654
1668928944
1729505414
1689041330
1679685654
1657914910
1699493494
1744237503
1761136543
1660589994
1704754840
1854724893
1623533817
1813770651
1750353740
2111175667
2411219204
1988505643
1917503460
1816086123
1706394265
1345625994
1668744687
2290787940
1819638285
1990275137
1641971737
2372949801
2000433801
1835081942
2003241127
1636678683
2193010360
2268977634
1253218537
1723605177
1686985917
2162604144
2029490154
1740554084
2239843282
1239683564
1911445987
1843854951
1141315774
1982718541
1341111901
1785487003
1035941041
1150103050
1685284741
1654159825
2440160107
1566143957
1649195742
1972172260
1676228365
1988885515
2258727970
1730223203
1726290264
1918804631
2166511687
1300949834
1888413733
2338203425
2366157412
1716440655
2248671333
1744759625
1784483733
1918576524
2180712532
1836862777
2178408690
1268470531
2168002443
2166321755
1750830107
1496813671
1852398985
2377006293
1644023382
1986719202
2272304342
1731935207
1877686680
1250220667
2015235871
1497087080
2081950927
1245097161
2301146442
1896525694
1841667167
1940053632
1412003361
1596396284
2472529524
1904731744
1791390707
1743427764
2269241297
1852494385
1406911561
1912146445
2191084875
1919971923
2377059260
1845851660
1933866220
1410751573
1916945275
1890728740
1788937111
2133637794
2574309502
1853857381
2198184150
1773712615
1895306404
2136433055
1865806954
2036692103
1750087417
1569409862
2011805155
1862991317
1845699434
1960618452
1842628935
1295058373
1756575605
1819430861
1985173005
1229904492
1678467597
2280300810
1977902724
1750355204
1882845734
1768107777
1672052254
1981001327
1905835555
1969449164
2149559244
2453288352
2232440605
1721744173
1984899093
2183992827
2086339915
2498947262
2098969720
1660684230
1807562327
1791902321
2146575084
1588640787
1779894283
1874476862
1874271142
1822500665
1801539801
1847986907
2132596211
1907969001
2166223855
1765230662
1986235333
2281853142
2153298470
2270616642
1863777874
1771304373
1889719057
1676437995
1806657541
1756798623
2119859294
1750677812
1982419413
1735752733
1973921933
1595255661
2280093827
1907445261
1862413070
1661597600
2334836571
2496550335
1798309307
1914397557
2085414511
1712142474
1865180380
1920780531
1818124152
1999664123
2078085341
1852610275
1421452137
1946022794
1752924085
1895522273
1656812977
2006370267
1872553093
1974132843
1875379295
1666485652
1901491002
2285772712
1762605491
1676395481
2435983204
1750353752
1915342253
2248952531
2034151824
1906581201
2011700800
2231098810
2191857093
1684339122
2334461970
2335363367
1847331871
2029086242
1921061474
2130721513
1884617387
1649383465
2360129107
2153679832
1021026015
1133520974
1765233762
1879154265
2147637250
1768641714
2072096214
2240514455
1596781164
1723296183
2027505570
1498160455
2014655005
2365361702
2388630387
1920748017
1749691007
1845965635
2246632164
1776709857
2261390780
1700651435
2035295512
1610859070
1654179907
1788860757
1907248221
2271403805
2030914341
1832579244
2081243187
2273057237
1978579700
1689234631
2049836467
1765245225
1770416901
1841818875
1787105287
2038093491
1799078917
2144817943
2098403084
2274860260
2409180440
2451623051
2163743732
2318604154
2169847277
1649693245
2280606931
2411230700
2271781485
2061641061
2340427252
2172145644
2344304600
1791967657
1879793064
2259880587
1997955841
2466847352
1443394204
1885890223
2245548720
1786793777
1572406702
1908566651
1789117450
1904771803
2083888657
1962882873
1924192333
2216772642
1805044102
2151901400
1871660015
1898898863
1659640677
2010796900
2271041317
2270655723
2310072981
2039753857
2271048593
1871549825
2167090217
2166802852
1890141912
2210206204
2270637637
2332795872
2178262420
2294644671
2166782324
2271788741
2271046157
2014681894
1971791375
1696763970
1987777897
2093087693
1691515770
2170957285
1883582991
1845829360
2034309540
1823538187
1699366793
1881255067
2074130357
2015180671
1877663923
1982695185
1960910890
1870739097
1897282370
2015469667
2042476423
1628933157
1841653185
1877664903
1692470673
1877662273
1873485624
1920915155
1870772225
1883101290
1608627981
1907739653
1692492681
1898235637
1880121793
1779040767
1883108612
1894637070
1882367412
1838292497
1796210497
1841093481
1278612113
1773355481
1803397561
1779690307
1790797137
1347113105
1866631844
1642512402
1261788454
2287706950
1222135407
2056346650
1683472727
1741543435
1913581823
2297936863
1650111241
2170488020
1977460817
1764545564
1664176597
1648948823
1895216473
1790671321
1962889925
1987843271
2106472057
1699540307
2400694230
1791801773
1193725273
2114709872
1299464954
1718259005
2261730483
1831591892
1740295620
2104443265
1288369910
1981777663
1749982632
2358718274
1987968661
1928854752
1449935661
2269442481
1498498922
1649235251
1956911795
1807431510
1655488792
2099202224
1717696667
1701846521
1665715555
1939861572
1960929313
2185690432
1737961042
2214170935
1787542433
2509127082
2258787681
1708763410
1868415132
1767737302
1159770762
2028136317
1935317321
1198531673
1750355192
1646225921
1883739571
2436481651
1893780124
1599690065
1315587597
1889772051
1740691361
1723124405
1878073541
1743338177
1716376363
1653145650
2275433120
1136178193
1865320214
1660292730
1908955513
2010237977
1898972453
1992482602
2152240232
2053061043
1675509012
1662038165
1698921891
1729021764
1570991921
2459974660
2460451152
1361700604
2157420281
1895622611
2125293553
2152469244
1678184223
1966016340
2533895052
1718464540
1707450894
1855486755
1841663875
1784473157
1958345371
1750352907
1141140473
2248029622
1315584977
1397494770
2054300867
1578839965
2310127835
1793341457
1962705315
1740694725
1641533591
1740567960
2428747323
1665755515
2136085913
2015391145
2436531277
1843152063
1829303331
1848911074
1659162295
1791371917
2392246110
2003952255
2153750621
1912964267
2256239095
1643228035
2442343232
2368894605
2297885917
1907757347
1791147813
1667999147
1411081225
1878156541
1918149512
1904516984
2092420123
1792642021
1329014397
1744332207
1506063573
1867571077
1764404507
2001662537
1064050535
2383936074
1613681181
1726918143
1900624010
2520945264
1871525614
1734919341
2030890671
1736708753
1781287307
1765349164
2007970261
2429851157
2232891212
1852893050
1815841795
2075245652
2004098485
1982656855
2355897361
1968068011
2492849060
1684820892
1877643541
1685278144
1688374352
1890299230
1658496885
1847137257
1248924493
1908105953
1749604875
1830131237
2253825244
2518821972
1648816907
2456473762
1634828424
2153878682
1649432847
1433508693
2028264657
2198123264
2233157260
2006599107
1779147255
1914980182
1884765550
2211559273
1814328823
1738742554
1779667717
1650488005
2384122784
1774429393
2108746054
1315706994
1706746824
2002561227
1786723753
1952243345
2299187330
2401791615
1886546593
1936928553
1688743504
1749627367
1898268644
1981453325
1708911767
1827246777
1886283103
2358552904
1769704277
1166778057
2030112487
1880897893
2174907442
2108643880
1911547177
1615650934
1732110673
1894453434
2399617842
1918243627
2120353644
1676677177
1250227403
1833170427
2097684613
2167827445
1866757105
2513503902
1395622123
2074000852
1882337574
2025310675
1496810113
1244857260
2122101341
1065579345
1528041801
2029811167
2285733864
1779555755
1199052977
2011049411
2071209145
2014575451
2319470865
2097270050
2011593450
1919906503
1958536530
2099283991
2373070561
1738564893
2534162410
1730990691
1911556333
1681858737
1885586680
1886309433
2433400510
1665216932
1937514995
1688922337
1397324894
2006829103
2120136150
1960449974
1768485730
2002303572
1885052373
1655507255
1935101893
1973655154
1961097701
2110114332
1232535542
2257631772
1807481843
1891457267
2076296802
2297579977
2121293525
1703566201
1447953141
2261100222
1761508161
1802958655
1833863315
2026367047
2394388254
1874744830
1815143100
2282486834
2256170211
2044820327
1893845821
1867103645
1938602723
1927786044
2437749801
2244302285
2176017900
2440437203
2041860681
2091208942
2495616501
1708265521
2359591912
1529014617
1731191123
1496846902
1791353831
2001807597
2027942613
2424087035
1927385712
1870386383
2359441912
1988971571
2132226583
2252846093
1689602360
2243229440
2004421723
2454504464
1357093700
2419571564
1890292314
1798846602
2570383160
1914122121
1295375405
2306253355
1247894631
2311362642
1990270632
2147715782
1785448164
2260828114
1975753537
1974229541
2025598011
1851843365
2100559993
2343698037
1716270195
1610036353
1848377691
2304129841
2152509080
1666392063
1829844011
2255342632
1860133492
1806097132
2025776227
1778856145
1914487634
1233112630
2418445992
1689972274
1947100120
2316144050
2392508450
1813786727
1498895183
1831021087
2131022905
1908822082
2551622950
1036114734
1904076233
2525361330
2311327851
1181023032
1787278473
2428915581
1957153370
2034095452
1858434820
1900797314
2359486675
1918698451
2211023284
1841833492
1928359600
1985189217
2017456083
2298435253
1987827065
1659733234
2155032980
2253740624
2075048835
2309211787
2013208632
1970953001
1823410123
2030340363
1808273553
2370909161
1877170237
2299753940
2084686242
1901488517
1971434561
2142842923
2311077472
1747163595
2167508425
1039856501
2474646793
1359131164
1797938125
1833058083
2375068197
1907647761
2175296504
1264587703
2164701340
1689512552
1807177337
2397298570
1793529221
1896136700
1744221185
1372070344
1812437694
2361841741
2408692183
1932494680
2211060393
2095300083
2100402343
1398401515
1735555890
1641379645
1816503042
2137950223
1981914853
1943724947
2411532333
1915625162
2186539863
1881127447
2344169260
2343284853
2214548654
2188664147
2030098683
1058138830
1917926847
1662473395
2167677001
2242135285
1711047735
1942355074
1973561343
2030213127
1880015487
1730767452
1769119660
1688935200
1770145900
2258786135
2331219387
2364609662
2150984110
2425247654
1676083315
1842606855
1630424921
1665347471
1913171295
2297988057
2257376242
2343943362
2056036887
1715238570
1645612420
2336970263
1998859383
2158132507
2211733243
2345730282
1744220844
2345597047
1838413944
1958132051
1904314067
2286092114
1865545851
1974512461
1717416287
1893752487
2075983304
2197726574
2138621235
1770343195
2243418112
2117185190
2106372630
1575441285
1361075857
1150049523
2359878594
2175770861
1926563822
1865963470
1869975494
1959059415
2016687263
2269070490
1366763162
1913412967
1897082021
2359328834
1873740770
1968497251
2082231283
1733407792
2270664977
1686730132
1771015865
1800286284
1836028905
1865412635
2027128582
2012603247
1914915034
1793596483
2232246911
2302082972
2281064557
1879302783
1769189861
1932160012
1834382324
1996708643
1973816240
1997536905
2012581457
1893604900
1611935011
1765470344
1962897851
2247526491
2024270233
2198102982
1722516404
1391515805
1746682042
1760224990
1854862095
1838797351
1748877430
1704683200
2216726472
1865931160
2105755572
2034495434
1989701170
1464824011
1843638995
1936184874
1873773460
2126594800
1906125564
2145405093
1777143095
2114118702
1936086462
1970963301
1789213710
1227073482
1873476757
1879270081
1785926197
1808763921
1705219183
1607970374
1792828781
1882543492
1080933937
1880904897
1901296981
1506729807
1896535382
1827208683
1883601642
1883442983
1686281530
1719233123
1873296600
1843166295
1841920454
1842130904
1843138637
1863801142
1737447531
1661572951
1760941191
1765057115
1721055110
1706849255
1714193342
1653912257
1653913181
1991810683
2302153194
2319018061
1782573153
2232182411
1984709690
1750358910
1763548237
1742295095
1716007531
1990762772
2118793713
1746067030
2259647691
1898963971
1901279381
1993342070
2425006575
2268041945
1869197004
1784214660
1651428902
2490462674
1969917711
2192474323
1949068812
1892413015
1940046250
1750359570
2197856532
2163918064
2243045301
1890291622
1851493690
2488055353
1772293130
1879179857
2017185695
1886081634
1644648333
2005900754
2437854192
2239198431
1935603534
2175611324
2362259685
1356098121
2218998372
2084677293
2281997180
2166718221
1971774233
1890665942
1905863595
2171621780
1750349264
2322791712
2103264515
2301708404
1848133127
2342973081
2302054852
2253739334
1878969684
2205575853
1894481934
2098074687
2150942674
2171172280
1768009884
1882939741
2466547343
1825310994
1777850442
1794765102
2213293517
2360028310
1888020055
2178536493
2211211357
2205577497
2495971610
1977350290
2188542042
1702632874
2370296985
1948839234
2356307825
2234303957
2205579237
2238816275
1970339157
2310946934
1893189022
2238892581
2458775812
1768024254
1789939197
2210168325
1863946130
2072235074
2139722213
1945877080
2238795011
1909290450
2238099103
2210162825
2048774442
2155239984
1723167603
2211690847
1895505774
1464397685
2104794350
1779925725
1806811377
1331736564
2239770012
1732652540
2280723025
1884440297
2427451324
1991158031
2413698520
1891562824
2190318267
2434621420
2451907307
2024896451
2150468744
1915215153
2232770924
1775638471
2090979180
2126657781
2152211594
2163032274
2152269744
1799415152
2232677060
2032948995
2459989427
2542172754
1915811324
2035717784
2211894153
2532087330
2006368522
2029678415
1874776521
2138818685
1912813161
1911197885
1060563001
1680445911
2258965163
2207348087
1940753407
2099914542
2247956735
1988758191
2304114177
2281511880
1974397661
1987888717
1742997681
1899079337
2321536503
2149203924
2407369545
2135815322
1572085533
2075091877
1923288930
2280855320
2095143875
1908448095
1044033540
2004141571
1871962437
1788564433
1808085502
2280332855
2011647740
2267720181
2109809933
1870821663
1863819610
1898020687
2346869095
2536465334
2213342935
2117821511
1863978832
2356266070
1233365577
2196925390
2517930730
2438815617
1911702613
2147073980
1784544307
2173866990
2289010633
2153263364
2380812577
1960313693
2188641043
2282191030
2142807933
1999780803
1735071900
2129278501
2099842043
2287948942
2164144862
2325679000
2192419143
2056245213
2345465157
2280318121
2282275421
2164123700
2266953624
2303560480
2270721204
1908548295
1864739132
2260785644
2270265812
1974583981
2141903037
1907704990
1916757295
2158923311
1585022913
2054999373
2183376260
1821491217
1975559513
2183399550
2183403112
2164149142
1914199987
1894054722
1921885353
1882544374
1559074495
1729795123
1985187593
1895363034
2054640017
1807526961
1911514457
1914272900
1699516285
1900077020
1976200365
1934967757
1928267017
1769412164
1775661437
1872337660
1833533321
1865191402
1704921994
1743917402
1685092133
1650438850
1666052560
2301424077
2553804390
