1865532255
2537687444
1796445350
2033175114
1664966271
1823975091
1737343023
1782504847
1358702261
1676899187
2101284045
1885355351
2178295300
1698414573
1622008051
1889011167
2507358760
1776092592
1599665510
1266557225
1908071037
1742906433
1867164592
1739378814
1905069481
1807491977
1796791340
1664880583
1869889774
1886116010
2207516627
1886494563
1827614017
1884382661
1885329761
1925291341
1816125575
1920618370
1649378025
1741091367
1736315190
1924138017
1647299133
1812609417
1720141760
1645020513
1747843401
1887148977
1879400922
1714420605
1678916921
1306381807
1653806315
1888869867
1879339670
1767640942
1835796750
2090512390
1716912541
1668368147
1666708010
1923071514
2137591987
2166826220
2091708494
2274817717
1841093275
2375071555
1658864081
1813341992
2003921405
1851840601
1773632521
1647994773
1969315724
1644676117
1772854703
2215515261
2019404473
2334463610
1903468762
1891441000
1828471737
1660387637
1855290894
1714915392
1739591861
2081216474
1789523365
1726787017
1998499544
2120587097
1961107645
2286429424
2374438331
2124826451
1982410507
1721878403
1691959273
1730264455
1558299400
2175337357
1820628521
1911396591
1830353653
1869301880
1822375375
1960161913
1565369860
2519348370
1654203637
1599464160
1743028057
2236915987
1917932030
1875076525
2181380831
1911555593
2375428802
1972363661
2073161725
1843709273
1962694071
1750036833
1861795032
1735564160
1966590671
1779785750
1744830227
1767280511
1728997783
1766474943
1912228615
1822354483
1566500120
1751817580
2026044661
1731801482
1766460391
1798782991
1700715830
2110692795
1814637422
2166807552
2173984842
1797740472
1956227320
1640663757
1646692541
1771123430
2002606661
1870528935
1738758902
1761672283
1796783321
1846837021
1778759237
1767771860
1495512735
1752993092
1592825653
2232583344
1698233740
1829996075
1820406212
1749032757
1704741001
2196259847
1926708607
1222194104
1866235261
1685331282
1743738382
1759354161
1790753103
1749785873
2257221807
1734941893
2239743170
2245010260
1792486925
1887048082
1787185145
1780809543
1850988623
1932441711
1414148492
1829939451
2011016401
2292118727
1722611450
1518895360
1863148503
1840508695
1711659271
1825650315
1644983660
1727398990
1757938143
2464204487
1653202503
2346712933
1663315964
1899655135
1910397672
1730222952
2439301091
2102418302
1728865010
1653321604
1819755184
1652423995
2095713237
1725782362
1898165193
608934
1796518290
1851996872
2167498253
1809807934
2493118952
1769165001
1642292081
1773794995
1824031930
2191812860
2246244580
1729296273
1718337434
1767325661
2383703542
1689620497
1766728145
1577794853
1787428151
1852423661
2191848774
1863407034
1782395513
1898056367
1869950903
2248790354
1844844573
1802934753
1808580747
1886161920
1693525070
1450234750
2008915115
1813124744
1936119834
1652132051
1781720985
1735741117
1805672931
1686188707
2105171747
1900417422
2363091275
2141781881
1973892210
1771627790
1782342097
1781513531
1778210852
1774243014
2027713464
1911819184
1853973911
2321634472
1770850457
2094797323
1814701690
1645809514
1962179773
1857670324
1642578131
1866393491
2013942362
1769058324
1840169095
1759429757
1832974324
1807788722
1780062721
1901554085
1547749907
1939155697
2121470123
1701258423
1808977280
1740875540
1573686094
2043040365
1746648164
1792786201
1830011963
1851802187
1829443195
1960601312
1655905590
2336599304
2208178555
2327657590
1375614034
2057074025
1342329132
1769684173
1729187757
1772573734
1865093477
2216567223
1570226725
1732420735
1774369751
2168096235
1901711763
1879618845
2332100465
1798934512
1933051725
2287671204
1891765397
1809301117
2296282781
1607969290
1987584817
1828517093
1980796443
1877951165
2153253084
1785510332
1819350347
1829627032
1540682717
2210985654
2146190875
1893271597
1801711864
2258687472
1490805130
1614214195
1902253474
1737955085
1785924573
1993741924
1765128761
1872721944
2166023905
1732370473
1822553901
1662283352
1416621260
2357134563
1841811265
1746543605
1865929164
1644112857
1784231080
1914209861
1764932920
1889040937
2013942645
1864391637
2553623162
1821360640
2358502544
2139408763
1798497913
1872264221
1933983932
1865761612
1674052433
1857730634
2230814137
1850553667
1572627501
1601944425
1769178687
2214631420
1595453420
2216944994
1822144382
1798832673
1736719852
1707789440
1679214941
1757587385
1935157393
1798924192
1864857262
1770458943
1660452532
1705284204
1963917437
1859478860
1748466473
1717022775
1648941651
1816880143
1795324643
1770716393
2032032663
1693496950
1575472977
1880476172
1855944051
1656384667
1870405371
1635270132
2104331124
1766602023
1782860882
2060608021
1882236994
1776768205
1764696617
1349745750
2168130287
1906712281
1830712270
1982439822
1645013285
1883290210
1814064823
2307728023
1830972382
1822465393
2185488410
2322604504
1803753724
2090620760
1838698003
1885521227
1704697881
2082563977
2207626540
2271348917
2126253167
1833317900
2231003515
1661493522
2081732381
1681818765
2336731642
1895747902
1807465097
1630513321
1435445535
1730699777
1987997281
1914867444
1752145700
1761160233
2402039643
1887897732
1887892305
1834754637
2341530250
1742936181
1911264195
1787664553
1765740424
1835747872
1654080244
1716334612
2359784060
2474109364
1752549400
2358176527
2045397245
1880114047
1734049030
1769668252
1782400953
1782384683
1778609334
1659539883
1712108240
1834548951
2282463075
1747836191
2157339011
1797954491
1716488301
1951997494
2191651442
1733567580
1785949224
1365080665
1760874310
1842557454
2074194267
1173976665
1708271095
2156125281
1643314405
1801542603
1739450484
1862858797
1786878550
1919404125
1882290537
1667925927
2129033815
1904190263
1975786761
2024720053
1856050357
1767237477
1918624677
1867844397
2080159953
1786788815
1663735900
1845139512
1825297801
1322772673
1882868694
1907501137
2537522654
1999404300
2232146417
1844111867
1842490525
1891473324
1846797782
1715257667
1769152191
1740705837
2354637674
1697698951
1909000264
1976264623
2345113885
1747444122
2015936555
1714940910
1917472364
1733338917
1911480035
1655147527
1664265812
1642270165
2156713482
1760945071
1661969105
1740346857
1760195250
1900909822
2095911353
2292125204
1749850630
1712123970
1985685381
2132689915
2007795575
1942171727
1642471052
1804216130
1736180290
1632451775
1767969392
1774135215
1728025983
2045793755
1436804534
1625198972
1678503967
2130287313
1998111681
1960835961
1767698654
1917900462
1744876811
1870438567
1787197652
1686421443
1853780301
1814839757
1836030771
1855540534
1808521390
1924295003
1823064710
1816272227
2153620632
1655526104
2246704534
1821868407
1641832147
1714397395
2203351357
2084626111
1818731020
1768786152
1604350954
2299214774
1958466501
1663085097
1803457650
1881022850
1222544644
2120367217
2028717831
1663616213
1607971554
1770542441
1628632300
1969890953
2294901340
1294147634
2049118142
2462615734
1812433737
1846376015
1781509223
1718181732
1998198725
1877413037
1925604791
1877395085
1375042914
2049218940
1770329585
1653067065
1751312102
1768458170
1251291381
1654750387
1080514014
1889689630
1738425812
1812779707
1657383585
1799992004
2280151507
1771055782
1893460013
1719101244
1807646700
1819774163
1641239573
1506333200
1674385965
1826758077
1796221353
1939694314
1676873355
1698065583
2185265224
1874404871
2178445803
1798561082
1775666345
2062550565
1769539195
2297144380
2216558155
1878965712
1778906672
1804326640
1872977572
1654502821
1711394437
1821819697
1564252343
1940275640
1765493882
1789054422
1434001361
1707166373
1671108633
1765907200
1766360154
1642904381
1750294477
1689592477
2187110740
1081012247
1911199947
1702800901
1760490795
1417789102
1797571073
1707589253
1933809332
1684161307
1858383100
1848524603
1783428572
1749565135
1443608695
1112485644
2047047457
1738004582
2305670113
1870300695
1676713741
1771869634
1893376875
1830582752
1644168163
2189987207
1739229243
1932690407
1808478432
1685945277
1898636337
2232634762
1861782804
2091431654
1892893064
1924928721
1792192912
1726453292
2230805065
2014096940
2190057027
1749990067
1765834043
1768180470
1851835133
1837608450
2018727445
1736207384
1827625603
1652130107
1822478517
1850649324
2377151420
1730730277
2145932192
1691576934
1733083617
2080196264
1814393773
2107648317
1543640827
1596379542
1768710951
1738970934
1406176711
2037421553
1765831923
1062556691
2129231607
1748867747
1792104824
1649017200
1835741175
2042282493
1649639881
1731943311
2217478351
2359791792
1649014614
1619444877
1872144994
2105697007
1686203097
2117508734
1807200875
2344157650
2254439624
1198390942
1963030435
2022521714
1933185707
2127460165
1667876427
1867516590
1746528050
2189087582
1821797847
1611966080
2361925332
2459025125
1513360345
2084109913
2187436942
1716393671
1649470535
1912278205
2105935732
1854597524
2199161441
1737874732
2257098092
2025076113
1748136155
1945002817
1646000685
1964124921
1946432140
2334198524
2045079051
2075576127
2244643461
1744734722
1855543902
1737934661
2201275590
2009113272
1896650227
2336569730
2176451725
1768558372
2315238225
1149418522
1865709742
2341087142
2312621814
2196038737
1785258793
1972244980
1835010742
2150969610
1874628464
1881804500
1804277200
2049920392
1738691924
2331822572
2373418430
1708729084
1708188321
1764098083
1892426091
1914231565
1775608897
1870238997
1886119817
2324821471
1735491121
2095555205
2464046542
1893762192
1635332771
1699975715
2287503025
1872405877
2166496743
1589339174
2298914677
2282330492
2027509435
1807609140
2429163301
1873755264
2312730194
1984116391
1760184010
1765466792
1763073972
